ufs_serial,run_id,wafer_no,date,die_x,die_y,health,split,position,pred
S00266,79,1,2025-12-11,51,23,0.0,test,1,0.0029915491069517
S00272,79,6,2025-12-11,58,21,0.0,test,1,0.0027945922384334
S00274,79,5,2025-12-11,32,31,0.0022248783479494,test,1,0.003079316415259
S00276,79,4,2025-12-11,54,26,0.0,test,1,0.0028848738470901
S00442,79,21,2025-12-11,32,28,0.0,test,1,0.0005316162895161
S00481,79,14,2025-12-11,36,12,0.0119378750102084,test,1,0.0027461163418146
S00696,79,9,2025-12-11,23,15,0.0,test,1,0.0025623604646384
S00701,79,16,2025-12-11,54,26,0.0,test,1,0.0006203635257418
S00710,79,17,2025-12-11,54,16,0.0,test,1,0.0004786796076616
S00712,79,22,2025-12-11,18,27,0.0,test,1,0.0005993056927342
S00749,79,15,2025-12-11,55,14,0.0,test,1,0.0027132813691636
S00907,79,16,2025-12-11,29,12,0.0,test,1,0.0006817862261287
S00912,79,15,2025-12-11,25,30,0.0,test,1,0.0028304944667113
S00916,79,5,2025-12-11,45,32,0.0,test,1,0.0028331268952418
S01114,79,22,2025-12-11,14,24,0.0,test,1,0.000569101530968
S01115,79,22,2025-12-11,52,21,0.0,test,1,0.0005354292648314
S01767,79,19,2025-12-11,24,14,0.0,test,1,0.0006390580904276
S01770,79,23,2025-12-11,24,29,0.0,test,1,0.0005267373324951
S01772,79,21,2025-12-11,41,28,0.0,test,1,0.0005336467576793
S01804,79,12,2025-12-11,41,22,0.0014834846666786,test,1,0.0027006799899745
S01805,79,11,2025-12-11,36,28,0.0072025853948379,test,1,0.0017873051929352
S01809,79,9,2025-12-11,41,22,0.0,test,1,0.0025332160213782
S02402,79,5,2025-12-11,52,20,0.0,test,1,0.0028755569227465
S02719,79,18,2025-12-11,63,19,0.0,test,1,0.0007812651388465
S02720,79,18,2025-12-11,22,15,0.0,test,1,0.00076251409603
S02722,79,22,2025-12-11,56,19,0.0,test,1,0.000496502746089
S02724,79,22,2025-12-11,25,15,0.0,test,1,0.0004963347588182
S02758,79,15,2025-12-11,19,17,0.0,test,1,0.0030574934948121
S02881,79,20,2025-12-11,63,25,0.0,test,1,0.0008005138524955
S02913,79,13,2025-12-11,28,23,0.0,test,1,0.0030329403717004
S03273,79,16,2025-12-11,20,18,0.0057768866416761,test,1,0.0006139893646217
S03275,79,16,2025-12-11,30,24,0.0,test,1,0.000619433516429
S03305,79,15,2025-12-11,40,31,0.0,test,1,0.0024211093129966
S03668,79,7,2025-12-11,54,22,0.0,test,1,0.002845895391163
S03739,79,22,2025-12-11,45,30,0.0,test,1,0.0004747354846498
S03742,79,21,2025-12-11,50,25,0.0,test,1,0.0005393201854123
S03747,79,19,2025-12-11,56,29,0.0,test,1,0.0007010139760746
S03749,79,19,2025-12-11,55,25,0.0,test,1,0.0006125181362938
S03885,79,7,2025-12-11,51,27,0.0,test,1,0.0028401188067953
S03890,79,9,2025-12-11,48,18,0.0,test,1,0.0025008714828645
S03909,79,19,2025-12-11,56,22,0.0,test,1,0.0007722704957342
S04160,79,23,2025-12-11,44,15,0.0,test,1,0.0004412187297336
S04162,79,23,2025-12-11,19,21,0.0,test,1,0.0005349698445867
S04166,79,23,2025-12-11,43,26,0.0,test,1,0.0004208353696985
S04167,79,18,2025-12-11,48,27,0.0,test,1,0.0005561676619115
S04171,79,16,2025-12-11,26,22,0.0,test,1,0.0006146489609807
S04381,79,10,2025-12-11,33,29,0.0,test,1,0.0017114116603003
S04411,79,4,2025-12-11,22,26,0.0,test,1,0.002958339275689
S04533,79,10,2025-12-11,35,14,0.0,test,1,0.002067455487874
S04675,79,13,2025-12-11,54,24,0.0,test,1,0.002888800482572
S04748,79,7,2025-12-11,25,16,0.0,test,1,0.0029289227852934
S05262,79,1,2025-12-11,25,19,0.0,test,1,0.0028605669658735
S05290,79,20,2025-12-11,41,12,0.0,test,1,0.0006651284371414
S05327,79,7,2025-12-11,31,28,0.0035125660814745,test,1,0.0029226822558961
S05337,79,7,2025-12-11,41,14,0.0017489223189935,test,1,0.0027197848158731
S05954,79,23,2025-12-11,32,12,0.0,test,1,0.0005474499990266
S06003,79,6,2025-12-11,19,24,0.0,test,1,0.0028614219744238
S06166,79,4,2025-12-11,49,18,0.0061507807593182,test,1,0.0028657619453825
S06171,79,9,2025-12-11,40,22,0.0076599653529132,test,1,0.0022432175663573
S06175,79,15,2025-12-11,25,27,0.0030481727829449,test,1,0.0029300880800198
S07405,79,22,2025-12-11,56,23,0.0,test,1,0.0004971030821952
S07480,79,6,2025-12-11,59,20,0.0029199052940174,test,1,0.0027555512220755
S07807,79,3,2025-12-11,52,21,0.0168624981180247,test,1,0.0030775096308093
S07809,79,4,2025-12-11,61,17,0.0076394881828382,test,1,0.0031003069267248
S07813,79,1,2025-12-11,55,16,0.0087759957974104,test,1,0.0028176314318913
S07817,79,4,2025-12-11,27,15,0.0136433224583742,test,1,0.0030879557564021
S07818,79,15,2025-12-11,42,16,0.0020616461227986,test,1,0.0026380388149919
S08151,79,12,2025-12-11,60,27,0.0105410507115739,test,1,0.0026341448731958
S08765,79,3,2025-12-11,40,28,0.0,test,1,0.0030991065925461
S08798,79,23,2025-12-11,30,27,0.0,test,1,0.0004359719185789
S08818,79,15,2025-12-11,36,22,0.0,test,1,0.0027179974177279
S09036,79,21,2025-12-11,30,23,0.0,test,1,0.0005439276218071
S09041,79,21,2025-12-11,39,25,0.0,test,1,0.0005064285395224
S09042,79,21,2025-12-11,57,26,0.0,test,1,0.0005691655925722
S09094,79,12,2025-12-11,49,17,0.0,test,1,0.0027745397325654
S09205,79,19,2025-12-11,32,29,0.0,test,1,0.0006564456704805
S09314,79,5,2025-12-11,51,13,0.0,test,1,0.001137318533092
S09506,79,13,2025-12-11,55,22,0.0,test,1,0.0030892954449457
S10000,79,23,2025-12-11,57,27,0.0,test,1,0.000439683250283
S10001,79,23,2025-12-11,53,15,0.0,test,1,0.0005100901974161
S10004,79,18,2025-12-11,61,27,0.0,test,1,0.0008241373094269
S10023,79,3,2025-12-11,19,27,0.0144760603508994,test,1,0.0031716362945305
S10210,79,17,2025-12-11,39,28,0.0,test,1,0.0004278584404192
S10333,79,9,2025-12-11,28,14,0.0,test,1,0.0026980721634897
S10502,79,21,2025-12-11,16,18,0.0,test,1,0.0005315463809715
S10505,79,17,2025-12-11,45,16,0.0,test,1,0.0004351999712401
S10600,79,1,2025-12-11,62,16,0.0,test,1,0.0018154256110754
S10691,79,13,2025-12-11,62,26,0.0,test,1,0.0031373452337324
S10853,79,21,2025-12-11,55,30,0.0201550387596899,test,1,0.0009285058139906
S10896,79,5,2025-12-11,18,24,0.0092245015381902,test,1,0.0030936289136318
S11254,79,14,2025-12-11,27,19,0.0337593277245689,test,1,0.0027242694149987
S11258,79,11,2025-12-11,39,18,0.0216204458945078,test,1,0.0020157393452201
S11259,79,14,2025-12-11,24,24,0.0407308993137968,test,1,0.0028439621343601
S11683,79,12,2025-12-11,63,24,0.0,test,1,0.0027131345987495
S11731,79,3,2025-12-11,21,22,0.0,test,1,0.0031595887396034
S11733,79,1,2025-12-11,32,22,0.0,test,1,0.002631503065425
S11831,79,17,2025-12-11,61,26,0.0,test,1,0.0004744700209347
S11838,79,20,2025-12-11,54,19,0.0,test,1,0.0005198490643775
S11847,79,19,2025-12-11,30,20,0.0,test,1,0.000605215437414
S11851,79,18,2025-12-11,36,29,0.0,test,1,0.000668124776655
S11857,79,18,2025-12-11,23,16,0.0,test,1,0.0006573195396214
S11859,79,20,2025-12-11,52,20,0.0135981832608279,test,1,0.0005201860898283
S12742,79,22,2025-12-11,47,20,0.0,test,1,0.0005588736057597
S12743,79,22,2025-12-11,47,26,0.0,test,1,0.0004931548249126
S12750,79,20,2025-12-11,21,18,0.0,test,1,0.000500724117521
S12751,79,19,2025-12-11,43,12,0.0,test,1,0.0007282164765609
S12757,79,17,2025-12-11,18,20,0.0,test,1,0.0004441562073549
S12760,79,19,2025-12-11,26,26,0.0,test,1,0.00067172386827
S12763,79,16,2025-12-11,49,22,0.0,test,1,0.0007374315385327
S12869,79,15,2025-12-11,44,26,0.0,test,1,0.0028168383442695
S12872,79,4,2025-12-11,31,13,0.0,test,1,0.0029819241355859
S12873,79,6,2025-12-11,20,21,0.0,test,1,0.0028819096467403
S13061,79,7,2025-12-11,56,30,0.0,test,1,0.0022177068035525
S13062,79,3,2025-12-11,62,27,0.0,test,1,0.0029895573433531
S13128,79,15,2025-12-11,50,26,0.0,test,1,0.0028303309134027
S13424,79,22,2025-12-11,41,15,0.0,test,1,0.0004657225133438
S13428,79,18,2025-12-11,50,25,0.0,test,1,0.0005978827802595
S13760,79,17,2025-12-11,37,17,0.0145053277296654,test,1,0.0004867173752733
S13807,79,9,2025-12-11,35,19,0.0175134719014626,test,1,0.0024465115864061
S13809,79,12,2025-12-11,37,25,0.0104594145253277,test,1,0.0025753956057199
S13811,79,12,2025-12-11,33,19,0.010677322505626,test,1,0.0027865512358403
S13815,79,11,2025-12-11,35,22,0.0051901804292602,test,1,0.0020109140392554
S13989,79,4,2025-12-11,40,19,0.0091907345560523,test,1,0.0024288675989839
S13992,79,7,2025-12-11,59,23,0.0055422976559537,test,1,0.0029662498731397
S13994,79,6,2025-12-11,43,13,0.0018815921980177,test,1,0.002800890085543
S13999,79,5,2025-12-11,30,14,0.0055877855729447,test,1,0.002590637083318
S14000,79,7,2025-12-11,48,19,0.0037534645913103,test,1,0.0028760944277576
S14270,79,5,2025-12-11,32,27,0.0,test,1,0.0030494318091072
S14428,79,10,2025-12-11,15,17,0.0,test,1,0.0024018522983148
S14561,79,10,2025-12-11,58,15,0.0,test,1,0.0021563456746925
S14610,79,18,2025-12-11,23,26,0.0,test,1,0.0005848370568361
S14706,79,7,2025-12-11,50,17,0.0,test,1,0.0028578526652067
S14850,79,17,2025-12-11,25,23,0.0,test,1,0.0004554138146547
S14851,79,17,2025-12-11,51,30,0.0,test,1,0.0006143597951206
S14852,79,16,2025-12-11,48,22,0.0,test,1,0.000714745481467
S14856,79,18,2025-12-11,34,13,0.0,test,1,0.0005832775391498
S14863,79,17,2025-12-11,55,28,0.0,test,1,0.0005042947583387
S14864,79,21,2025-12-11,26,20,0.0,test,1,0.0005399520207138
S14889,79,12,2025-12-11,29,16,0.0,test,1,0.0026167030948014
S14912,79,11,2025-12-11,22,29,0.0,test,1,0.0018870446946551
S15275,79,15,2025-12-11,56,25,0.0067230073621665,test,1,0.002959305110222
S15277,79,13,2025-12-11,31,21,0.0083526604147759,test,1,0.0031469896330824
S15281,79,7,2025-12-11,48,20,0.008340381543088,test,1,0.0028963117067953
S15283,79,7,2025-12-11,14,20,0.0083049261413007,test,1,0.0024553714188498
S15285,79,12,2025-12-11,36,26,0.0,test,1,0.0026674851444609
S15314,79,22,2025-12-11,56,27,0.0,test,1,0.0005105246339147
S16037,79,3,2025-12-11,43,13,0.0,test,1,0.0026827888305946
S16261,79,20,2025-12-11,56,14,0.0,test,1,0.0005754339535046
S16265,79,22,2025-12-11,48,23,0.0,test,1,0.0005323313247768
S16642,79,19,2025-12-11,50,26,0.0,test,1,0.0006147293417127
S16815,79,10,2025-12-11,16,24,0.0,test,1,0.0024090210838404
S16867,79,11,2025-12-11,40,14,0.0031324055866485,test,1,0.0020525469254536
S16879,79,4,2025-12-11,43,24,0.0,test,1,0.002878176322153
S16880,79,3,2025-12-11,47,20,0.0,test,1,0.0029483148719973
S16886,79,5,2025-12-11,51,23,0.0,test,1,0.0029421798937572
S16887,79,14,2025-12-11,62,22,0.0,test,1,0.0028658851476808
S16898,79,11,2025-12-11,55,26,0.0,test,1,0.0019219418289538
S16901,79,12,2025-12-11,59,19,0.0,test,1,0.0028204095721336
S16906,79,14,2025-12-11,36,15,0.0,test,1,0.0027005659024506
S17164,79,16,2025-12-11,63,17,0.0,test,1,0.0008358772698725
S17751,79,19,2025-12-11,34,24,0.0,test,1,0.0006092981925772
S18054,79,15,2025-12-11,45,28,0.0,test,1,0.002726709648512
S18057,79,15,2025-12-11,21,14,0.0,test,1,0.0029720652492038
S18077,79,5,2025-12-11,18,16,0.0,test,1,0.0020817709992117
S18078,79,6,2025-12-11,32,29,0.0,test,1,0.002851667417575
S18433,79,5,2025-12-11,43,18,0.0,test,1,0.0023147367151616
S19421,79,10,2025-12-11,26,30,0.0,test,1,0.0018818035914291
S19437,79,18,2025-12-11,38,12,0.001762636364926,test,1,0.000658289831658
S19584,79,7,2025-12-11,25,14,0.0,test,1,0.0027629137881704
S19585,79,11,2025-12-11,45,28,0.0,test,1,0.0017866275052757
S19587,79,13,2025-12-11,61,19,0.0,test,1,0.003219655488121
S19733,79,4,2025-12-11,29,31,0.0,test,1,0.0028640995754911
S19891,79,21,2025-12-11,17,26,0.0,test,1,0.0007428487415089
S19895,79,23,2025-12-11,21,23,0.0,test,1,0.000449005374996
S19898,79,18,2025-12-11,56,21,0.0,test,1,0.0007150865240078
S20074,79,3,2025-12-11,41,14,0.0019472556233372,test,1,0.0019556093737852
S20076,79,4,2025-12-11,14,20,0.0,test,1,0.0014443133857775
S20079,79,3,2025-12-11,17,21,0.0038229739968539,test,1,0.0030439851899979
S20368,79,13,2025-12-11,56,25,0.0077773213622048,test,1,0.003104344916404
S20369,79,13,2025-12-11,35,16,0.0,test,1,0.0029996456572074
S20379,79,10,2025-12-11,23,27,0.0,test,1,0.0022302120806316
S20381,79,10,2025-12-11,44,29,0.0,test,1,0.0018028859882946
S20383,79,11,2025-12-11,36,30,0.0098025293286943,test,1,0.0018391927381682
S20387,79,11,2025-12-11,59,27,0.0135746253223924,test,1,0.002029379352438
S20422,79,19,2025-12-11,20,26,0.0,test,1,0.0007257667581274
S20424,79,17,2025-12-11,55,23,0.0031512338634,test,1,0.0004199025481647
S20461,79,3,2025-12-11,19,18,0.0,test,1,0.0028824223938687
S20925,79,9,2025-12-11,37,14,0.0,test,1,0.0027664664679553
S20927,79,9,2025-12-11,44,20,0.0,test,1,0.0023005124822572
S20934,79,6,2025-12-11,52,21,0.0,test,1,0.0028908677053113
S21405,79,12,2025-12-11,25,17,0.0,test,1,0.0026187258030883
S21681,79,16,2025-12-11,57,15,0.0,test,1,0.0006416069575459
S21702,79,3,2025-12-11,36,30,0.0,test,1,0.0031625174496611
S21704,79,7,2025-12-11,21,25,0.0,test,1,0.0029559260596279
S21796,79,4,2025-12-11,37,32,0.0,test,1,0.002857161667337
S21907,79,14,2025-12-11,30,25,0.0,test,1,0.0028176549084848
S21910,79,15,2025-12-11,24,14,0.0,test,1,0.0030317346614687
S21911,79,11,2025-12-11,39,31,0.0,test,1,0.0019756182745877
S22099,79,19,2025-12-11,52,14,0.0,test,1,0.000626600721264
S22100,79,17,2025-12-11,47,31,0.0,test,1,0.000611247371675
S22288,79,17,2025-12-11,27,30,0.0,test,1,0.0005291642422973
S22461,79,6,2025-12-11,53,30,0.0,test,1,0.0029720973043084
S22517,79,5,2025-12-11,19,23,0.0094967850420858,test,1,0.0030103120800555
S22518,79,6,2025-12-11,23,28,0.0062976162192127,test,1,0.0030229376717157
S22521,79,3,2025-12-11,49,28,0.0048513363137653,test,1,0.0031023834348147
S22733,79,4,2025-12-11,23,16,0.0,test,1,0.0029708287355398
S22734,79,3,2025-12-11,62,26,0.0,test,1,0.0031246104348913
S22738,79,9,2025-12-11,16,20,0.0,test,1,0.0027738122409553
S22915,79,9,2025-12-11,20,26,0.0127163230125148,test,1,0.0026291705379397
S22918,79,13,2025-12-11,21,20,0.004794150557549,test,1,0.0031125103337565
S22919,79,11,2025-12-11,29,26,0.0048043925875085,test,1,0.0019461009149655
S23093,79,20,2025-12-11,39,32,0.0,test,1,0.0014389540933227
S23124,79,3,2025-12-11,59,23,0.0,test,1,0.0031296906439871
S23222,79,12,2025-12-11,60,23,0.0,test,1,0.0027393716815791
S23229,79,9,2025-12-11,15,25,0.0,test,1,0.0026823389624205
S23379,79,16,2025-12-11,40,12,0.0,test,1,0.0006098825980664
S23380,79,16,2025-12-11,39,30,0.0,test,1,0.0005611907107026
S23385,79,18,2025-12-11,55,18,0.0,test,1,0.000566493469629
S23419,79,21,2025-12-11,47,31,0.0,test,1,0.0006024799309488
S23458,79,7,2025-12-11,43,31,0.0,test,1,0.0026350609693069
S23460,79,1,2025-12-11,20,26,0.0,test,1,0.0030019680826728
S23487,79,22,2025-12-11,53,21,0.0,test,1,0.000654312750415
S23488,79,19,2025-12-11,30,17,0.0,test,1,0.0007180819151797
S23499,79,16,2025-12-11,33,31,0.0,test,1,0.0006642827201044
S23573,79,10,2025-12-11,26,20,0.0,test,1,0.0020654868144041
S23710,79,19,2025-12-11,41,16,0.0,test,1,0.0006750081864607
S23844,79,5,2025-12-11,31,30,0.0034025481457139,test,1,0.0030177647350093
S24108,79,11,2025-12-11,20,26,0.0,test,1,0.0018636103273295
S24404,79,6,2025-12-11,13,23,0.0028197621641249,test,1,0.0028231254636437
S24407,79,12,2025-12-11,30,18,0.0,test,1,0.0026776496639367
S24424,79,21,2025-12-11,32,18,0.0,test,1,0.0005528413469186
S24656,79,9,2025-12-11,48,21,0.0,test,1,0.0025236341551435
S24966,79,3,2025-12-11,23,28,0.0,test,1,0.0031356832917221
S25332,79,9,2025-12-11,51,25,0.0,test,1,0.0024765250772899
S25680,79,6,2025-12-11,26,29,0.0,test,1,0.0030655075040475
S25871,79,5,2025-12-11,25,17,0.0,test,1,0.002909256569807
S25950,79,23,2025-12-11,43,31,0.0,test,1,0.0006687748142792
S25955,79,19,2025-12-11,41,28,0.0,test,1,0.0006783080383221
S26328,79,4,2025-12-11,35,18,0.0,test,1,0.0025864106592551
S26408,79,23,2025-12-11,17,25,0.0,test,1,0.0004929596249874
S26579,79,1,2025-12-11,17,16,0.0,test,1,0.0018808439881828
S26580,79,6,2025-12-11,31,31,0.0,test,1,0.0029106990147181
S26965,79,14,2025-12-11,20,26,0.013644509002331,test,1,0.0028077967795054
S26966,79,11,2025-12-11,24,25,0.0012702745531036,test,1,0.0018208420029056
S26969,79,15,2025-12-11,14,21,0.016898480399657,test,1,0.0029882301720296
S26970,79,15,2025-12-11,20,24,0.0148192322027581,test,1,0.0029476106608152
S27235,79,22,2025-12-11,39,11,0.0,test,1,0.0006326515659486
S27249,79,5,2025-12-11,35,13,0.0,test,1,0.0024063031787799
S27251,79,1,2025-12-11,46,24,0.0,test,1,0.0028040821318474
S27389,79,4,2025-12-11,32,22,0.0,test,1,0.0028894741231905
S27392,79,6,2025-12-11,44,24,0.0,test,1,0.0025597569895516
S27526,79,13,2025-12-11,26,16,0.0,test,1,0.0031607094330433
S27527,79,13,2025-12-11,22,21,0.0,test,1,0.0030288986765024
S27852,79,13,2025-12-11,36,32,0.0,test,1,0.002534881271003
S28047,79,14,2025-12-11,30,20,0.0023322493301235,test,1,0.0027885576975538
S28247,79,13,2025-12-11,53,18,0.0,test,1,0.0030896156842095
S28250,79,7,2025-12-11,20,25,0.0,test,1,0.0029084406834257
S28251,79,1,2025-12-11,35,12,0.0,test,1,0.0018230112411536
S28253,79,15,2025-12-11,41,23,0.0,test,1,0.0027265352156338
S28301,79,9,2025-12-11,43,13,0.0,test,1,0.0026571505946762
S28446,79,19,2025-12-11,29,22,0.0,test,1,0.0009343273572193
S28452,79,23,2025-12-11,34,30,0.0,test,1,0.0004336707811632
S28453,79,20,2025-12-11,58,16,0.0,test,1,0.0005385394672079
S28833,79,23,2025-12-11,26,17,0.0,test,1,0.0004468536937449
S28848,79,4,2025-12-11,27,12,0.0,test,1,0.0018938780318689
S29193,79,16,2025-12-11,62,26,0.0,test,1,0.0008703481446743
S29356,79,4,2025-12-11,23,30,0.0,test,1,0.0025632931988808
S29559,79,15,2025-12-11,28,22,0.0,test,1,0.0028588399455677
S29563,79,4,2025-12-11,49,23,0.0,test,1,0.0029610043867248
S29565,79,7,2025-12-11,59,27,0.0,test,1,0.0028108520660337
S29580,79,15,2025-12-11,39,27,0.0,test,1,0.0027673015311034
S29581,79,10,2025-12-11,41,28,0.0,test,1,0.0018212706093804
S29587,79,19,2025-12-11,61,22,0.0,test,1,0.0009309068500068
S29589,79,22,2025-12-11,62,20,0.0,test,1,0.000558105970915
S29763,79,14,2025-12-11,48,28,0.0,test,1,0.0027193826030844
S29765,79,5,2025-12-11,26,14,0.0,test,1,0.0026076159055781
S29766,79,5,2025-12-11,55,25,0.0,test,1,0.0028795137810289
S29767,79,5,2025-12-11,63,24,0.0,test,1,0.0030768994406268
S29771,79,7,2025-12-11,50,20,0.0,test,1,0.002872706980556
S29975,79,16,2025-12-11,26,19,0.0,test,1,0.0005556382304616
S29980,79,18,2025-12-11,58,16,0.0,test,1,0.0006274849276063
S29984,79,21,2025-12-11,24,28,0.0,test,1,0.000530188072773
S29996,79,22,2025-12-11,30,24,0.0,test,1,0.0005095037115222
S30192,79,1,2025-12-11,56,21,0.0476074686473024,test,1,0.0030762654959844
S30195,79,1,2025-12-11,17,21,0.0086764639132423,test,1,0.0030886429116687
S30198,79,7,2025-12-11,46,26,0.009200023694226,test,1,0.0028372960725068
S30203,79,13,2025-12-11,39,13,0.0148579970104633,test,1,0.0029341596076542
S30204,79,10,2025-12-11,58,23,0.0155474834017871,test,1,0.0024013617489574
S31363,79,12,2025-12-11,37,31,0.0,test,1,0.0026900804907131
S31722,79,4,2025-12-11,15,24,0.0,test,1,0.0028710787321585
S31765,79,15,2025-12-11,27,17,0.0,test,1,0.002637875280089
S31822,79,12,2025-12-11,63,17,0.0,test,1,0.0017016917044614
S32149,79,15,2025-12-11,26,13,0.0066205757369886,test,1,0.0027034606733521
S32472,79,15,2025-12-11,60,19,0.0,test,1,0.0030676638405171
S32594,79,5,2025-12-11,34,20,0.0,test,1,0.0029528239624503
S32596,79,7,2025-12-11,38,26,0.0,test,1,0.0028200343453826
S33050,79,6,2025-12-11,52,24,0.0,test,1,0.0029022587865149
S33057,79,11,2025-12-11,24,21,0.0078059966388666,test,1,0.0025492742331267
S33074,79,11,2025-12-11,63,26,0.0,test,1,0.0021547509658314
S33638,79,23,2025-12-11,36,18,0.0,test,1,0.0004588283481914
S33657,79,12,2025-12-11,29,13,0.0,test,1,0.002541479031109
S33661,79,9,2025-12-11,34,27,0.0,test,1,0.0024927009213547
S33740,79,22,2025-12-11,34,29,0.0,test,1,0.0005006751079317
S33741,79,17,2025-12-11,22,16,0.0,test,1,0.0004367978618258
S33743,79,20,2025-12-11,23,26,0.0,test,1,0.0004899127617453
S33790,79,11,2025-12-11,34,12,0.0,test,1,0.0019592729311433
S34143,79,3,2025-12-11,43,12,0.0,test,1,0.0024830309388058
S34237,79,16,2025-12-11,15,25,0.0145897548803757,test,1,0.0006778181531712
S34239,79,19,2025-12-11,53,14,0.0,test,1,0.0005897949320144
S34240,79,17,2025-12-11,22,17,0.0,test,1,0.0004611745784182
S34241,79,19,2025-12-11,24,29,0.0,test,1,0.0007139912957619
S34248,79,21,2025-12-11,13,22,0.0,test,1,0.0009290961653168
S34264,79,16,2025-12-11,43,28,0.0,test,1,0.0005476780872469
S34266,79,22,2025-12-11,46,29,0.0,test,1,0.0005025102243349
S34908,79,3,2025-12-11,45,21,0.0,test,1,0.003158638981894
S35005,79,4,2025-12-11,37,11,0.0,test,1,0.0018468768253403
S35368,79,22,2025-12-11,22,24,0.0,test,1,0.0004908801841749
S35389,79,12,2025-12-11,30,22,0.0,test,1,0.0027336240905332
S35391,79,15,2025-12-11,36,19,0.018800121047057,test,1,0.0026314680705214
S35398,79,11,2025-12-11,15,21,0.0018238532110091,test,1,0.002426043907837
S36031,79,14,2025-12-11,58,24,0.0020330940254852,test,1,0.0027824837113447
S36039,79,9,2025-12-11,59,20,0.0040571759769467,test,1,0.0027754529174298
S36194,79,16,2025-12-11,33,15,0.0,test,1,0.0005765742124077
S36195,79,19,2025-12-11,20,20,0.0,test,1,0.0006522426323184
S36623,79,21,2025-12-11,26,25,0.0,test,1,0.0005122654518905
S36624,79,20,2025-12-11,40,27,0.0,test,1,0.0005504742915702
S36649,79,12,2025-12-11,39,16,0.0,test,1,0.0026265691482404
S36694,79,4,2025-12-11,24,16,0.0,test,1,0.0027996165456479
S36897,79,14,2025-12-11,35,28,0.0,test,1,0.0027590795202541
S36899,79,12,2025-12-11,60,24,0.0,test,1,0.0027901129617365
S37143,79,19,2025-12-11,60,16,0.0,test,1,0.0005821625972047
S37145,79,19,2025-12-11,48,22,0.0,test,1,0.0008178109648234
S37146,79,17,2025-12-11,41,15,0.0,test,1,0.0004405674772471
S37198,79,19,2025-12-11,43,11,0.0,test,1,0.0009372798557958
S37402,79,12,2025-12-11,24,23,0.0,test,1,0.0026974796769805
S37405,79,10,2025-12-11,59,22,0.0,test,1,0.0025328348130364
S37686,79,16,2025-12-11,17,19,0.0,test,1,0.0006068318171947
S37694,79,19,2025-12-11,34,12,0.0,test,1,0.0007491459907871
S37807,79,22,2025-12-11,51,31,0.0,test,1,0.0008436675226671
S37854,79,17,2025-12-11,48,28,0.0,test,1,0.0005715664536421
S37857,79,21,2025-12-11,48,13,0.0084364549914277,test,1,0.0005341195187017
S37910,79,1,2025-12-11,40,14,0.0,test,1,0.0025406773568989
S38251,79,6,2025-12-11,53,24,0.0080976937051429,test,1,0.0028340784290192
S38258,79,7,2025-12-11,41,29,0.0085239941000926,test,1,0.002757805473707
S38552,79,7,2025-12-11,49,17,0.0162337397212173,test,1,0.0029387928687868
S38553,79,13,2025-12-11,22,27,0.0095875084052603,test,1,0.003251239930731
S38554,79,11,2025-12-11,37,28,0.0041283184370535,test,1,0.0017995164795951
S38555,79,10,2025-12-11,25,15,0.0027029746317401,test,1,0.0024502094289794
S38616,79,23,2025-12-11,34,26,0.0,test,1,0.0005106845523511
S38620,79,20,2025-12-11,34,26,0.0,test,1,0.0005569121296616
S38624,79,18,2025-12-11,61,21,0.0,test,1,0.0008253330042164
S38626,79,20,2025-12-11,59,23,0.0,test,1,0.00056757321754
S38665,79,14,2025-12-11,30,18,0.0,test,1,0.0027892245563961
S38698,79,14,2025-12-11,43,28,0.0,test,1,0.0026858368653112
S38815,79,5,2025-12-11,24,27,0.0,test,1,0.0030835656198481
S38905,79,15,2025-12-11,29,24,0.0,test,1,0.0027651990672099
S38906,79,15,2025-12-11,36,20,0.0,test,1,0.0026207356066817
S38915,79,5,2025-12-11,38,25,0.0,test,1,0.0030855476326671
S39043,79,19,2025-12-11,25,26,0.0117479509044385,test,1,0.0006741695304932
S39212,79,9,2025-12-11,16,26,0.0,test,1,0.0022084919161181
S39323,79,23,2025-12-11,30,23,0.0,test,1,0.0004810115449758
S39343,79,13,2025-12-11,37,25,0.0,test,1,0.0030589804487395
S39578,79,14,2025-12-11,42,12,0.0,test,1,0.002727179954072
S39580,79,6,2025-12-11,20,26,0.0,test,1,0.0030124615780138
S39602,79,17,2025-12-11,48,26,0.0,test,1,0.0004323372926886
S39609,79,23,2025-12-11,41,17,0.0,test,1,0.0005372492295697
S39922,79,7,2025-12-11,48,12,0.0,test,1,0.0017526497668299
S40602,79,13,2025-12-11,24,29,0.0,test,1,0.0031596649307515
S40605,79,13,2025-12-11,36,23,0.00855064796535,test,1,0.002994111715281
S40616,79,9,2025-12-11,40,18,0.0,test,1,0.002324618110498
S40618,79,13,2025-12-11,47,30,0.0,test,1,0.002702819785244
S40619,79,9,2025-12-11,41,29,0.0,test,1,0.002648341503026
S40937,79,3,2025-12-11,28,29,0.006459746809119,test,1,0.0031518733059415
S41215,79,16,2025-12-11,53,25,0.0,test,1,0.0005650836297002
S41221,79,21,2025-12-11,31,17,0.0,test,1,0.0005238888473139
S41222,79,22,2025-12-11,48,20,0.0,test,1,0.0005524609395564
S41312,79,4,2025-12-11,16,17,0.0081570352377357,test,1,0.0020932015616624
S41386,79,11,2025-12-11,28,30,0.0,test,1,0.0018873554430081
S41518,79,7,2025-12-11,46,22,0.0,test,1,0.0029047422674702
S41519,79,1,2025-12-11,22,16,0.007074254765692,test,1,0.0029357092406985
S41522,79,6,2025-12-11,21,26,0.0036324833176193,test,1,0.0029134359993704
S41524,79,5,2025-12-11,47,14,0.0035641803460912,test,1,0.0016363524100821
S41531,79,11,2025-12-11,47,19,0.0053973632197389,test,1,0.0020175060492945
S42196,79,10,2025-12-11,44,13,0.0,test,1,0.0019360817394867
S42202,79,12,2025-12-11,34,17,0.0,test,1,0.0027742076770279
S42296,79,23,2025-12-11,25,30,0.0111276449900624,test,1,0.0006236250603272
S42515,79,14,2025-12-11,23,17,0.0074750330886776,test,1,0.0028725709848221
S42518,79,10,2025-12-11,59,25,0.0,test,1,0.0024831207755199
S42543,79,5,2025-12-11,18,18,0.0,test,1,0.003025973853902
S42548,79,5,2025-12-11,27,16,0.0050234748902062,test,1,0.0024977974052149
S42645,79,9,2025-12-11,52,19,0.0,test,1,0.0026363042411089
S42779,79,16,2025-12-11,38,30,0.0,test,1,0.0006074808792385
S42784,79,22,2025-12-11,25,14,0.0,test,1,0.0005105284852498
S42786,79,16,2025-12-11,14,20,0.0,test,1,0.0006424297124664
S42956,79,9,2025-12-11,59,23,0.0,test,1,0.0026458018406028
S43053,79,4,2025-12-11,58,25,0.0130374334356391,test,1,0.0029204679301809
S43209,79,11,2025-12-11,55,25,0.0181327649442172,test,1,0.001982647337272
S43210,79,11,2025-12-11,45,29,0.0199542297346127,test,1,0.0019462633246671
S00266,79,1,2025-12-11,53,23,0.0,test,2,0.002890795091906
S00272,79,6,2025-12-11,59,21,0.0,test,2,0.0028249626358675
S00274,79,5,2025-12-11,33,31,0.0022248783479494,test,2,0.0030711478105084
S00276,79,4,2025-12-11,52,26,0.0,test,2,0.0029038042671035
S00442,79,21,2025-12-11,30,28,0.0,test,2,0.0005163767041539
S00481,79,14,2025-12-11,35,12,0.0119378750102084,test,2,0.0027171091820265
S00696,79,9,2025-12-11,25,15,0.0,test,2,0.002756724887146
S00701,79,16,2025-12-11,52,26,0.0,test,2,0.0005889352000514
S00710,79,17,2025-12-11,52,16,0.0,test,2,0.0004360112732501
S00712,79,22,2025-12-11,20,27,0.0,test,2,0.0005028038205823
S00749,79,15,2025-12-11,54,14,0.0,test,2,0.0027403820725215
S00907,79,16,2025-12-11,28,12,0.0,test,2,0.0007497159659903
S00912,79,15,2025-12-11,29,31,0.0,test,2,0.002328910400672
S00916,79,5,2025-12-11,44,32,0.0,test,2,0.0028159783591446
S01114,79,22,2025-12-11,16,25,0.0,test,2,0.0006118281641201
S01115,79,22,2025-12-11,54,21,0.0,test,2,0.0005912072809781
S01767,79,19,2025-12-11,20,15,0.0,test,2,0.0006254889697114
S01770,79,23,2025-12-11,25,29,0.0,test,2,0.0004921376678049
S01772,79,21,2025-12-11,39,28,0.0,test,2,0.0004924655752552
S01804,79,12,2025-12-11,34,22,0.0014834846666786,test,2,0.0026770768565902
S01805,79,11,2025-12-11,34,28,0.0072025853948379,test,2,0.0017339677275844
S01809,79,9,2025-12-11,39,22,0.0,test,2,0.0023003490980671
S02402,79,5,2025-12-11,50,20,0.0,test,2,0.0029336437641807
S02719,79,18,2025-12-11,65,19,0.0,test,2,0.0007886576026337
S02720,79,18,2025-12-11,24,15,0.0,test,2,0.0007220590017773
S02722,79,22,2025-12-11,58,19,0.0,test,2,0.0004836163269976
S02724,79,22,2025-12-11,27,15,0.0,test,2,0.0005596926118866
S02758,79,15,2025-12-11,21,17,0.0,test,2,0.0030299087365118
S02881,79,20,2025-12-11,62,26,0.0,test,2,0.0008587856631675
S02913,79,13,2025-12-11,30,23,0.0,test,2,0.0030865759387976
S03273,79,16,2025-12-11,18,18,0.0057768866416761,test,2,0.0006238320809076
S03275,79,16,2025-12-11,28,24,0.0,test,2,0.0005646027528286
S03305,79,15,2025-12-11,43,31,0.0,test,2,0.0023717482638013
S03668,79,7,2025-12-11,52,22,0.0,test,2,0.0028655291938862
S03739,79,22,2025-12-11,43,30,0.0,test,2,0.0005041631102831
S03742,79,21,2025-12-11,52,25,0.0,test,2,0.0005088697869703
S03747,79,19,2025-12-11,50,30,0.0,test,2,0.0006545974848874
S03749,79,19,2025-12-11,57,25,0.0,test,2,0.0007590338799019
S03885,79,7,2025-12-11,53,27,0.0,test,2,0.0028931609159506
S03890,79,9,2025-12-11,46,18,0.0,test,2,0.0024847754092292
S03909,79,19,2025-12-11,54,22,0.0,test,2,0.0008715676010158
S04160,79,23,2025-12-11,46,15,0.0,test,2,0.0004259686726613
S04162,79,23,2025-12-11,21,21,0.0,test,2,0.0004503067829521
S04166,79,23,2025-12-11,41,26,0.0,test,2,0.0004249911404374
S04167,79,18,2025-12-11,50,27,0.0,test,2,0.0005664501891696
S04171,79,16,2025-12-11,23,22,0.0,test,2,0.0006139288107291
S04381,79,10,2025-12-11,35,29,0.0,test,2,0.0019268430001606
S04411,79,4,2025-12-11,20,26,0.0,test,2,0.0029303413800225
S04533,79,10,2025-12-11,33,14,0.0,test,2,0.0022526425021333
S04675,79,13,2025-12-11,53,24,0.0,test,2,0.0029626437018241
S04748,79,7,2025-12-11,23,16,0.0,test,2,0.0029764143367579
S05262,79,1,2025-12-11,27,19,0.0,test,2,0.0027145937021041
S05290,79,20,2025-12-11,39,12,0.0,test,2,0.0005515423333048
S05327,79,7,2025-12-11,30,28,0.0035125660814745,test,2,0.0027896495272148
S05337,79,7,2025-12-11,39,14,0.0017489223189935,test,2,0.0027114358407667
S05954,79,23,2025-12-11,27,13,0.0,test,2,0.0005447903989216
S06003,79,6,2025-12-11,17,24,0.0,test,2,0.0028419988576555
S06166,79,4,2025-12-11,47,18,0.0061507807593182,test,2,0.0025655986981077
S06171,79,9,2025-12-11,38,22,0.0076599653529132,test,2,0.0025279567577647
S06175,79,15,2025-12-11,27,27,0.0030481727829449,test,2,0.0027054413000041
S07405,79,22,2025-12-11,58,23,0.0,test,2,0.000496864522748
S07480,79,6,2025-12-11,57,20,0.0029199052940174,test,2,0.0025738365709452
S07807,79,3,2025-12-11,54,21,0.0168624981180247,test,2,0.0030785620871293
S07809,79,4,2025-12-11,64,18,0.0076394881828382,test,2,0.0030382225714738
S07813,79,1,2025-12-11,53,16,0.0087759957974104,test,2,0.0029198859753133
S07817,79,4,2025-12-11,29,15,0.0136433224583742,test,2,0.0028170329073294
S07818,79,15,2025-12-11,40,16,0.0020616461227986,test,2,0.0028048576850664
S08151,79,12,2025-12-11,58,28,0.0105410507115739,test,2,0.0026850820912695
S08765,79,3,2025-12-11,38,28,0.0,test,2,0.0031298796871218
S08798,79,23,2025-12-11,32,27,0.0,test,2,0.0004872863253123
S08818,79,15,2025-12-11,34,22,0.0,test,2,0.0026991738841823
S09036,79,21,2025-12-11,32,23,0.0,test,2,0.0005543640252709
S09041,79,21,2025-12-11,41,25,0.0,test,2,0.0005399299408254
S09042,79,21,2025-12-11,56,26,0.0,test,2,0.0005465956202351
S09094,79,12,2025-12-11,51,17,0.0,test,2,0.0027680796468857
S09205,79,19,2025-12-11,33,29,0.0,test,2,0.0006156794761432
S09314,79,5,2025-12-11,52,13,0.0,test,2,0.0026513833612507
S09506,79,13,2025-12-11,53,22,0.0,test,2,0.0030363702160138
S10000,79,23,2025-12-11,58,27,0.0,test,2,0.0004603039664332
S10001,79,23,2025-12-11,55,15,0.0,test,2,0.0004929130723796
S10004,79,18,2025-12-11,57,28,0.0,test,2,0.00095776365885
S10023,79,3,2025-12-11,21,27,0.0144760603508994,test,2,0.0031459678691493
S10210,79,17,2025-12-11,37,28,0.0,test,2,0.0005558451298947
S10333,79,9,2025-12-11,25,14,0.0,test,2,0.002715904423555
S10502,79,21,2025-12-11,14,19,0.0,test,2,0.0005539462765688
S10505,79,17,2025-12-11,43,16,0.0,test,2,0.0004347770693686
S10600,79,1,2025-12-11,63,26,0.0,test,2,0.0019138397852002
S10691,79,13,2025-12-11,60,26,0.0,test,2,0.0031201934895356
S10853,79,21,2025-12-11,53,30,0.0201550387596899,test,2,0.0010125809319832
S10896,79,5,2025-12-11,16,24,0.0092245015381902,test,2,0.003101574255076
S11254,79,14,2025-12-11,29,19,0.0337593277245689,test,2,0.0027706175325964
S11258,79,11,2025-12-11,37,18,0.0216204458945078,test,2,0.0021558105193637
S11259,79,14,2025-12-11,22,24,0.0407308993137968,test,2,0.0028441074097663
S11683,79,12,2025-12-11,61,24,0.0,test,2,0.0026054628746658
S11731,79,3,2025-12-11,19,22,0.0,test,2,0.0030770185499003
S11733,79,1,2025-12-11,30,22,0.0,test,2,0.0028272740508572
S11831,79,17,2025-12-11,59,26,0.0,test,2,0.000468047826201
S11838,79,20,2025-12-11,56,19,0.0,test,2,0.0005931693151537
S11847,79,19,2025-12-11,28,20,0.0,test,2,0.0006193750021366
S11851,79,18,2025-12-11,40,29,0.0,test,2,0.0006387112912354
S11857,79,18,2025-12-11,21,16,0.0,test,2,0.0007155693631033
S11859,79,20,2025-12-11,50,20,0.0135981832608279,test,2,0.0005493009863223
S12742,79,22,2025-12-11,32,20,0.0,test,2,0.0006313093375217
S12743,79,22,2025-12-11,31,26,0.0,test,2,0.0005077560096669
S12750,79,20,2025-12-11,20,18,0.0,test,2,0.0005366292594136
S12751,79,19,2025-12-11,41,12,0.0,test,2,0.0007312329218431
S12757,79,17,2025-12-11,15,20,0.0,test,2,0.0004869931638526
S12760,79,19,2025-12-11,24,26,0.0,test,2,0.0006476363854675
S12763,79,16,2025-12-11,47,22,0.0,test,2,0.0006214229803802
S12869,79,15,2025-12-11,42,26,0.0,test,2,0.0027746460804146
S12872,79,4,2025-12-11,33,13,0.0,test,2,0.0030645064456116
S12873,79,6,2025-12-11,22,21,0.0,test,2,0.0028504090045732
S13061,79,7,2025-12-11,53,30,0.0,test,2,0.0021408230103198
S13062,79,3,2025-12-11,60,28,0.0,test,2,0.0028820525772531
S13128,79,15,2025-12-11,49,26,0.0,test,2,0.0027712838643357
S13424,79,22,2025-12-11,49,15,0.0,test,2,0.0004920738774467
S13428,79,18,2025-12-11,52,25,0.0,test,2,0.0005584686255389
S13760,79,17,2025-12-11,39,17,0.0145053277296654,test,2,0.0004969537380408
S13807,79,9,2025-12-11,38,19,0.0175134719014626,test,2,0.0023537454767096
S13809,79,12,2025-12-11,40,25,0.0104594145253277,test,2,0.0026859485013824
S13811,79,12,2025-12-11,35,19,0.010677322505626,test,2,0.0026515068559806
S13815,79,11,2025-12-11,33,22,0.0051901804292602,test,2,0.0022279072822139
S13989,79,4,2025-12-11,46,19,0.0091907345560523,test,2,0.0026339550687989
S13992,79,7,2025-12-11,61,23,0.0055422976559537,test,2,0.0028467172850086
S13994,79,6,2025-12-11,45,13,0.0018815921980177,test,2,0.0027115022900527
S13999,79,5,2025-12-11,27,14,0.0055877855729447,test,2,0.0029761966844974
S14000,79,7,2025-12-11,50,19,0.0037534645913103,test,2,0.0029340041191333
S14270,79,5,2025-12-11,34,27,0.0,test,2,0.0030149407145994
S14428,79,10,2025-12-11,14,18,0.0,test,2,0.002331118058255
S14561,79,10,2025-12-11,60,16,0.0,test,2,0.0021780536079257
S14610,79,18,2025-12-11,23,27,0.0,test,2,0.0006097983454987
S14706,79,7,2025-12-11,52,17,0.0,test,2,0.0029295765193549
S14850,79,17,2025-12-11,27,23,0.0,test,2,0.0005310743743138
S14851,79,17,2025-12-11,50,30,0.0,test,2,0.0005912958918596
S14852,79,16,2025-12-11,46,22,0.0,test,2,0.0006021944215287
S14856,79,18,2025-12-11,36,13,0.0,test,2,0.0007542533623563
S14863,79,17,2025-12-11,53,28,0.0,test,2,0.0004453501284061
S14864,79,21,2025-12-11,24,20,0.0,test,2,0.0005246040729783
S14889,79,12,2025-12-11,26,16,0.0,test,2,0.0028229351814223
S14912,79,11,2025-12-11,21,29,0.0,test,2,0.0018453382931488
S15275,79,15,2025-12-11,58,25,0.0067230073621665,test,2,0.0029994111542772
S15277,79,13,2025-12-11,33,21,0.0083526604147759,test,2,0.0029385152877172
S15281,79,7,2025-12-11,46,20,0.008340381543088,test,2,0.0027931770116069
S15283,79,7,2025-12-11,13,21,0.0083049261413007,test,2,0.002492481278576
S15285,79,12,2025-12-11,34,26,0.0,test,2,0.0026701794124988
S15314,79,22,2025-12-11,58,27,0.0,test,2,0.0005025159061865
S16037,79,3,2025-12-11,45,13,0.0,test,2,0.0026992942786582
S16261,79,20,2025-12-11,54,14,0.0,test,2,0.0005265978774645
S16265,79,22,2025-12-11,50,23,0.0,test,2,0.0005255127703907
S16642,79,19,2025-12-11,48,26,0.0,test,2,0.0005845245243595
S16815,79,10,2025-12-11,14,24,0.0,test,2,0.0024099989916823
S16867,79,11,2025-12-11,38,14,0.0031324055866485,test,2,0.002046923112879
S16879,79,4,2025-12-11,41,24,0.0,test,2,0.0027406576500499
S16880,79,3,2025-12-11,44,20,0.0,test,2,0.002997615504048
S16886,79,5,2025-12-11,53,23,0.0,test,2,0.0029228088279304
S16887,79,14,2025-12-11,60,22,0.0,test,2,0.0029086477604517
S16898,79,11,2025-12-11,53,26,0.0,test,2,0.0019226830831588
S16901,79,12,2025-12-11,61,19,0.0,test,2,0.0028563183887138
S16906,79,14,2025-12-11,38,15,0.0,test,2,0.0027418785488442
S17164,79,16,2025-12-11,66,20,0.0,test,2,0.0008979912636446
S17751,79,19,2025-12-11,32,24,0.0,test,2,0.0005954314684169
S18054,79,15,2025-12-11,44,28,0.0,test,2,0.0026845985236697
S18057,79,15,2025-12-11,19,15,0.0,test,2,0.0029575131598126
S18077,79,5,2025-12-11,19,17,0.0,test,2,0.0026754602800869
S18078,79,6,2025-12-11,34,29,0.0,test,2,0.002876029887026
S18433,79,5,2025-12-11,41,18,0.0,test,2,0.0023386869574669
S19421,79,10,2025-12-11,28,31,0.0,test,2,0.0016281499816296
S19437,79,18,2025-12-11,33,12,0.001762636364926,test,2,0.0007548030877538
S19584,79,7,2025-12-11,23,14,0.0,test,2,0.0027442027142765
S19585,79,11,2025-12-11,43,28,0.0,test,2,0.0017977980892645
S19587,79,13,2025-12-11,63,19,0.0,test,2,0.0031892676546663
S19733,79,4,2025-12-11,30,31,0.0,test,2,0.0028988562298216
S19891,79,21,2025-12-11,18,27,0.0,test,2,0.0007033618171289
S19895,79,23,2025-12-11,23,23,0.0,test,2,0.000465996255119
S19898,79,18,2025-12-11,58,21,0.0,test,2,0.0007357274140708
S20074,79,3,2025-12-11,38,14,0.0019472556233372,test,2,0.0020803264605522
S20076,79,4,2025-12-11,13,21,0.0,test,2,0.0027116521844035
S20079,79,3,2025-12-11,19,21,0.0038229739968539,test,2,0.0031616158031765
S20368,79,13,2025-12-11,59,25,0.0077773213622048,test,2,0.0032172735126747
S20369,79,13,2025-12-11,33,16,0.0,test,2,0.0029557353692098
S20379,79,10,2025-12-11,25,27,0.0,test,2,0.0021829499404661
S20381,79,10,2025-12-11,46,29,0.0,test,2,0.0017995467944708
S20383,79,11,2025-12-11,34,30,0.0098025293286943,test,2,0.0017855083922654
S20387,79,11,2025-12-11,61,27,0.0135746253223924,test,2,0.0019630483061968
S20422,79,19,2025-12-11,19,26,0.0,test,2,0.0006712594153393
S20424,79,17,2025-12-11,57,23,0.0031512338634,test,2,0.000500717746434
S20461,79,3,2025-12-11,17,18,0.0,test,2,0.0029856786188985
S20925,79,9,2025-12-11,34,14,0.0,test,2,0.002692159609455
S20927,79,9,2025-12-11,42,20,0.0,test,2,0.0022773018441795
S20934,79,6,2025-12-11,54,21,0.0,test,2,0.0028411845769271
S21405,79,12,2025-12-11,28,17,0.0,test,2,0.0026429282414332
S21681,79,16,2025-12-11,61,16,0.0,test,2,0.0007124093265425
S21702,79,3,2025-12-11,34,30,0.0,test,2,0.0031838402354623
S21704,79,7,2025-12-11,23,25,0.0,test,2,0.0030170492341542
S21796,79,4,2025-12-11,38,32,0.0,test,2,0.0028657105392246
S21907,79,14,2025-12-11,33,25,0.0,test,2,0.0027972451190339
S21910,79,15,2025-12-11,20,15,0.0,test,2,0.0030288033638132
S21911,79,11,2025-12-11,41,31,0.0,test,2,0.0017617113790335
S22099,79,19,2025-12-11,50,14,0.0,test,2,0.000615968183743
S22100,79,17,2025-12-11,45,12,0.0,test,2,0.0006206170863046
S22288,79,17,2025-12-11,34,31,0.0,test,2,0.0005704743766622
S22461,79,6,2025-12-11,50,31,0.0,test,2,0.0027804271630077
S22517,79,5,2025-12-11,21,23,0.0094967850420858,test,2,0.002974015864529
S22518,79,6,2025-12-11,21,28,0.0062976162192127,test,2,0.002940771789947
S22521,79,3,2025-12-11,47,28,0.0048513363137653,test,2,0.0030925212428731
S22733,79,4,2025-12-11,21,16,0.0,test,2,0.0029653995608348
S22734,79,3,2025-12-11,59,26,0.0,test,2,0.0031313979518643
S22738,79,9,2025-12-11,15,20,0.0,test,2,0.0027441723345377
S22915,79,9,2025-12-11,17,26,0.0127163230125148,test,2,0.0027160847759126
S22918,79,13,2025-12-11,19,20,0.004794150557549,test,2,0.0031992995597232
S22919,79,11,2025-12-11,27,26,0.0048043925875085,test,2,0.0018652144243242
S23093,79,20,2025-12-11,34,32,0.0,test,2,0.0016128378473464
S23124,79,3,2025-12-11,61,23,0.0,test,2,0.0031506489278462
S23222,79,12,2025-12-11,63,23,0.0,test,2,0.0027415618778859
S23229,79,9,2025-12-11,17,25,0.0,test,2,0.0026766159338041
S23379,79,16,2025-12-11,38,12,0.0,test,2,0.0005812572679551
S23380,79,16,2025-12-11,37,30,0.0,test,2,0.0006197345179498
S23385,79,18,2025-12-11,53,18,0.0,test,2,0.0006253038336027
S23419,79,21,2025-12-11,49,31,0.0,test,2,0.0009112371230437
S23458,79,7,2025-12-11,45,31,0.0,test,2,0.0026731825431457
S23460,79,1,2025-12-11,19,26,0.0,test,2,0.0030947485421164
S23487,79,22,2025-12-11,55,21,0.0,test,2,0.0005461387971492
S23488,79,19,2025-12-11,32,17,0.0,test,2,0.0006539817979976
S23499,79,16,2025-12-11,34,31,0.0,test,2,0.0006456624639418
S23573,79,10,2025-12-11,24,20,0.0,test,2,0.0021911788793848
S23710,79,19,2025-12-11,39,16,0.0,test,2,0.0006375039905578
S23844,79,5,2025-12-11,29,30,0.0034025481457139,test,2,0.0031063578017948
S24108,79,11,2025-12-11,18,26,0.0,test,2,0.0020445662380656
S24404,79,6,2025-12-11,15,23,0.0028197621641249,test,2,0.0029870423120258
S24407,79,12,2025-12-11,28,18,0.0,test,2,0.0026553064364215
S24424,79,21,2025-12-11,30,18,0.0,test,2,0.000772211024069
S24656,79,9,2025-12-11,50,21,0.0,test,2,0.0026446807692937
S24966,79,3,2025-12-11,21,28,0.0,test,2,0.0030720409256444
S25332,79,9,2025-12-11,53,25,0.0,test,2,0.0026560740144299
S25680,79,6,2025-12-11,28,29,0.0,test,2,0.0030266201632564
S25871,79,5,2025-12-11,27,17,0.0,test,2,0.0029215449638934
S25950,79,23,2025-12-11,45,31,0.0,test,2,0.0005813348003052
S25955,79,19,2025-12-11,39,28,0.0,test,2,0.0006411185523231
S26328,79,4,2025-12-11,33,18,0.0,test,2,0.0027319594281943
S26408,79,23,2025-12-11,19,25,0.0,test,2,0.0004833523380241
S26579,79,1,2025-12-11,15,17,0.0,test,2,0.0018922018595753
S26580,79,6,2025-12-11,42,32,0.0,test,2,0.0027939744026889
S26965,79,14,2025-12-11,18,26,0.013644509002331,test,2,0.0028982336413706
S26966,79,11,2025-12-11,27,25,0.0012702745531036,test,2,0.001889143451318
S26969,79,15,2025-12-11,16,21,0.016898480399657,test,2,0.0030657519141576
S26970,79,15,2025-12-11,18,24,0.0148192322027581,test,2,0.002997866857483
S27235,79,22,2025-12-11,41,11,0.0,test,2,0.0006411854035108
S27249,79,5,2025-12-11,36,13,0.0,test,2,0.0025401944588728
S27251,79,1,2025-12-11,44,24,0.0,test,2,0.0028132619586926
S27389,79,4,2025-12-11,30,22,0.0,test,2,0.0029909119254911
S27392,79,6,2025-12-11,42,24,0.0,test,2,0.0028424226239011
S27526,79,13,2025-12-11,24,16,0.0,test,2,0.0031822671295099
S27527,79,13,2025-12-11,24,21,0.0,test,2,0.0031260147770151
S27852,79,13,2025-12-11,38,32,0.0,test,2,0.0025126323068235
S28047,79,14,2025-12-11,28,20,0.0023322493301235,test,2,0.0028099908160145
S28247,79,13,2025-12-11,51,18,0.0,test,2,0.0030530082664603
S28250,79,7,2025-12-11,22,25,0.0,test,2,0.0029697199844714
S28251,79,1,2025-12-11,33,12,0.0,test,2,0.001815970786712
S28253,79,15,2025-12-11,43,23,0.0,test,2,0.0027720533989141
S28301,79,9,2025-12-11,45,13,0.0,test,2,0.0026420362575432
S28446,79,19,2025-12-11,26,22,0.0,test,2,0.0011013101428476
S28452,79,23,2025-12-11,32,30,0.0,test,2,0.0004905166195538
S28453,79,20,2025-12-11,56,16,0.0,test,2,0.0004938518855283
S28833,79,23,2025-12-11,27,17,0.0,test,2,0.0004539416832421
S28848,79,4,2025-12-11,25,13,0.0,test,2,0.0026560475214408
S29193,79,16,2025-12-11,60,26,0.0,test,2,0.0006658965670971
S29356,79,4,2025-12-11,27,31,0.0,test,2,0.0026677101156922
S29559,79,15,2025-12-11,26,22,0.0,test,2,0.0027851384041243
S29563,79,4,2025-12-11,51,23,0.0,test,2,0.0029133433429124
S29565,79,7,2025-12-11,61,27,0.0,test,2,0.0028756286801242
S29580,79,15,2025-12-11,41,27,0.0,test,2,0.0028073633441107
S29581,79,10,2025-12-11,39,28,0.0,test,2,0.0017234077107781
S29587,79,19,2025-12-11,59,22,0.0,test,2,0.0009585761133461
S29589,79,22,2025-12-11,61,20,0.0,test,2,0.0005621859655448
S29763,79,14,2025-12-11,46,28,0.0,test,2,0.0027401250179776
S29765,79,5,2025-12-11,24,14,0.0,test,2,0.002638390689812
S29766,79,5,2025-12-11,57,25,0.0,test,2,0.002973061894057
S29767,79,5,2025-12-11,61,24,0.0,test,2,0.0030799055912146
S29771,79,7,2025-12-11,47,20,0.0,test,2,0.0027466324851746
S29975,79,16,2025-12-11,28,19,0.0,test,2,0.0005952253747996
S29980,79,18,2025-12-11,55,16,0.0,test,2,0.000563627980276
S29984,79,21,2025-12-11,22,28,0.0,test,2,0.0005359058639568
S29996,79,22,2025-12-11,28,24,0.0,test,2,0.0004779024430363
S30192,79,1,2025-12-11,58,21,0.0476074686473024,test,2,0.0030407812838205
S30195,79,1,2025-12-11,19,21,0.0086764639132423,test,2,0.0029802204006316
S30198,79,7,2025-12-11,44,26,0.009200023694226,test,2,0.0027733389178195
S30203,79,13,2025-12-11,41,13,0.0148579970104633,test,2,0.0030112826332415
S30204,79,10,2025-12-11,60,23,0.0155474834017871,test,2,0.002405858602509
S31363,79,12,2025-12-11,39,31,0.0,test,2,0.0026404884292043
S31722,79,4,2025-12-11,15,25,0.0,test,2,0.0028825359057609
S31765,79,15,2025-12-11,30,17,0.0,test,2,0.0027213289881653
S31822,79,12,2025-12-11,59,28,0.0,test,2,0.0018155600642345
S32149,79,15,2025-12-11,25,13,0.0066205757369886,test,2,0.0029325003705497
S32472,79,15,2025-12-11,62,19,0.0,test,2,0.0029852389477106
S32594,79,5,2025-12-11,32,20,0.0,test,2,0.0029336858889386
S32596,79,7,2025-12-11,36,26,0.0,test,2,0.0028373489800648
S33050,79,6,2025-12-11,50,24,0.0,test,2,0.0029594006530776
S33057,79,11,2025-12-11,26,21,0.0078059966388666,test,2,0.0024222617216463
S33074,79,11,2025-12-11,59,28,0.0,test,2,0.0021318314241865
S33638,79,23,2025-12-11,33,18,0.0,test,2,0.0004583380083585
S33657,79,12,2025-12-11,31,13,0.0,test,2,0.0026428964173503
S33661,79,9,2025-12-11,36,27,0.0,test,2,0.0025376617775586
S33740,79,22,2025-12-11,37,29,0.0,test,2,0.0004774029703595
S33741,79,17,2025-12-11,20,16,0.0,test,2,0.0004486465188761
S33743,79,20,2025-12-11,21,26,0.0,test,2,0.000497633483495
S33790,79,11,2025-12-11,27,13,0.0,test,2,0.0020295983533717
S34143,79,3,2025-12-11,41,12,0.0,test,2,0.0029032869513686
S34237,79,16,2025-12-11,17,25,0.0145897548803757,test,2,0.0006702257657898
S34239,79,19,2025-12-11,51,14,0.0,test,2,0.0006558619902797
S34240,79,17,2025-12-11,23,17,0.0,test,2,0.0004347211636273
S34241,79,19,2025-12-11,25,29,0.0,test,2,0.0006307532498729
S34248,79,21,2025-12-11,14,23,0.0,test,2,0.0006941442507096
S34264,79,16,2025-12-11,40,28,0.0,test,2,0.0005816390783455
S34266,79,22,2025-12-11,48,29,0.0,test,2,0.0004746325485977
S34908,79,3,2025-12-11,47,21,0.0,test,2,0.0030804048584495
S35005,79,4,2025-12-11,39,11,0.0,test,2,0.0018833990339031
S35368,79,22,2025-12-11,20,24,0.0,test,2,0.0005091828761478
S35389,79,12,2025-12-11,28,22,0.0,test,2,0.0028425894094992
S35391,79,15,2025-12-11,38,19,0.018800121047057,test,2,0.0026280253828396
S35398,79,11,2025-12-11,17,21,0.0018238532110091,test,2,0.0026699811228351
S36031,79,14,2025-12-11,56,24,0.0020330940254852,test,2,0.0028286380226675
S36039,79,9,2025-12-11,57,20,0.0040571759769467,test,2,0.0025509015718432
S36194,79,16,2025-12-11,35,15,0.0,test,2,0.0005963464046046
S36195,79,19,2025-12-11,17,20,0.0,test,2,0.0006450271385365
S36623,79,21,2025-12-11,28,25,0.0,test,2,0.0005185171973067
S36624,79,20,2025-12-11,42,27,0.0,test,2,0.000499505614831
S36649,79,12,2025-12-11,37,16,0.0,test,2,0.0027511003583405
S36694,79,4,2025-12-11,22,16,0.0,test,2,0.0030643627952164
S36897,79,14,2025-12-11,33,28,0.0,test,2,0.0027234188701091
S36899,79,12,2025-12-11,58,24,0.0,test,2,0.0027449061447325
S37143,79,19,2025-12-11,58,16,0.0,test,2,0.0006189896597014
S37145,79,19,2025-12-11,45,22,0.0,test,2,0.0006852200894898
S37146,79,17,2025-12-11,43,15,0.0,test,2,0.0004165286065741
S37198,79,19,2025-12-11,45,11,0.0,test,2,0.0009826171882088
S37402,79,12,2025-12-11,25,23,0.0,test,2,0.0026927326405262
S37405,79,10,2025-12-11,58,22,0.0,test,2,0.0024350862177399
S37686,79,16,2025-12-11,19,19,0.0,test,2,0.0005968771068778
S37694,79,19,2025-12-11,32,12,0.0,test,2,0.0007781427189643
S37807,79,22,2025-12-11,49,31,0.0,test,2,0.0007250290044989
S37854,79,17,2025-12-11,45,28,0.0,test,2,0.0004457577876601
S37857,79,21,2025-12-11,50,13,0.0084364549914277,test,2,0.0005348771594434
S37910,79,1,2025-12-11,38,14,0.0,test,2,0.0025269125636092
S38251,79,6,2025-12-11,51,24,0.0080976937051429,test,2,0.0029099713137598
S38258,79,7,2025-12-11,43,29,0.0085239941000926,test,2,0.0027701554993317
S38552,79,7,2025-12-11,51,17,0.0162337397212173,test,2,0.0029392947592921
S38553,79,13,2025-12-11,24,27,0.0095875084052603,test,2,0.0032149196781504
S38554,79,11,2025-12-11,35,28,0.0041283184370535,test,2,0.0018091273414932
S38555,79,10,2025-12-11,26,15,0.0027029746317401,test,2,0.0024266942257187
S38616,79,23,2025-12-11,32,26,0.0,test,2,0.0004251370964763
S38620,79,20,2025-12-11,30,26,0.0,test,2,0.0005351798777559
S38624,79,18,2025-12-11,63,21,0.0,test,2,0.0007567699300897
S38626,79,20,2025-12-11,60,23,0.0,test,2,0.0004860010476585
S38665,79,14,2025-12-11,28,18,0.0,test,2,0.0027294916607789
S38698,79,14,2025-12-11,41,28,0.0,test,2,0.0026734264327891
S38815,79,5,2025-12-11,26,27,0.0,test,2,0.0031325313822866
S38905,79,15,2025-12-11,27,24,0.0,test,2,0.0027330467601814
S38906,79,15,2025-12-11,34,20,0.0,test,2,0.002678758134677
S38915,79,5,2025-12-11,40,25,0.0,test,2,0.0029939801478093
S39043,79,19,2025-12-11,23,26,0.0117479509044385,test,2,0.0006251002119436
S39212,79,9,2025-12-11,19,28,0.0,test,2,0.0018898984109354
S39323,79,23,2025-12-11,32,23,0.0,test,2,0.0004415520099308
S39343,79,13,2025-12-11,39,25,0.0,test,2,0.0031310622926346
S39578,79,14,2025-12-11,40,12,0.0,test,2,0.0027576082012442
S39580,79,6,2025-12-11,17,26,0.0,test,2,0.0029806653472909
S39602,79,17,2025-12-11,46,26,0.0,test,2,0.000438627334349
S39609,79,23,2025-12-11,43,17,0.0,test,2,0.0004605842249723
S39922,79,7,2025-12-11,54,13,0.0,test,2,0.0017962511191663
S40602,79,13,2025-12-11,27,29,0.0,test,2,0.0029459129836097
S40605,79,13,2025-12-11,38,23,0.00855064796535,test,2,0.0029080994940453
S40616,79,9,2025-12-11,39,18,0.0,test,2,0.0025483824153994
S40618,79,13,2025-12-11,45,30,0.0,test,2,0.00266715413602
S40619,79,9,2025-12-11,43,29,0.0,test,2,0.002674508204873
S40937,79,3,2025-12-11,31,29,0.006459746809119,test,2,0.0031717814971596
S41215,79,16,2025-12-11,55,25,0.0,test,2,0.0005837665683771
S41221,79,21,2025-12-11,32,17,0.0,test,2,0.000538519479785
S41222,79,22,2025-12-11,33,20,0.0,test,2,0.0006891310541067
S41312,79,4,2025-12-11,14,18,0.0081570352377357,test,2,0.0019123664649416
S41386,79,11,2025-12-11,32,31,0.0,test,2,0.0019460864964998
S41518,79,7,2025-12-11,43,22,0.0,test,2,0.0028277315414508
S41519,79,1,2025-12-11,20,16,0.007074254765692,test,2,0.0029045645776804
S41522,79,6,2025-12-11,18,26,0.0036324833176193,test,2,0.0029916207703046
S41524,79,5,2025-12-11,46,14,0.0035641803460912,test,2,0.0024379915682658
S41531,79,11,2025-12-11,50,19,0.0053973632197389,test,2,0.0021149285023188
S42196,79,10,2025-12-11,46,13,0.0,test,2,0.0020536952312359
S42202,79,12,2025-12-11,36,17,0.0,test,2,0.0027132979639431
S42296,79,23,2025-12-11,29,31,0.0111276449900624,test,2,0.0006424961488059
S42515,79,14,2025-12-11,25,17,0.0074750330886776,test,2,0.0027533573111803
S42518,79,10,2025-12-11,61,25,0.0,test,2,0.002574226836027
S42543,79,5,2025-12-11,16,18,0.0,test,2,0.0026868704268007
S42548,79,5,2025-12-11,25,16,0.0050234748902062,test,2,0.0029455670156748
S42645,79,9,2025-12-11,54,19,0.0,test,2,0.00272792901078
S42779,79,16,2025-12-11,36,30,0.0,test,2,0.0006035646896437
S42784,79,22,2025-12-11,23,14,0.0,test,2,0.0005088201397351
S42786,79,16,2025-12-11,13,20,0.0,test,2,0.0007799004694185
S42956,79,9,2025-12-11,61,23,0.0,test,2,0.0026573141450554
S43053,79,4,2025-12-11,60,25,0.0130374334356391,test,2,0.0029782841956174
S43209,79,11,2025-12-11,57,25,0.0181327649442172,test,2,0.001989030926542
S43210,79,11,2025-12-11,47,29,0.0199542297346127,test,2,0.0018608919821029
S00266,79,1,2025-12-11,47,23,0.0,test,3,0.0028749356674921
S00272,79,6,2025-12-11,56,21,0.0,test,3,0.002823669107045
S00274,79,5,2025-12-11,28,30,0.0022248783479494,test,3,0.0031019521012161
S00276,79,4,2025-12-11,58,26,0.0,test,3,0.0030663696033099
S00442,79,21,2025-12-11,36,28,0.0,test,3,0.0005901185815526
S00481,79,14,2025-12-11,39,12,0.0119378750102084,test,3,0.0026635718173087
S00696,79,9,2025-12-11,23,14,0.0,test,3,0.0023969597492072
S00701,79,16,2025-12-11,58,26,0.0,test,3,0.0006424753219915
S00710,79,17,2025-12-11,58,16,0.0,test,3,0.0004525118411303
S00712,79,22,2025-12-11,20,26,0.0,test,3,0.0005100680622177
S00749,79,15,2025-12-11,52,13,0.0,test,3,0.0028027853672105
S00907,79,16,2025-12-11,31,12,0.0,test,3,0.000645210274622
S00912,79,15,2025-12-11,16,17,0.0,test,3,0.0029493337671299
S00916,79,5,2025-12-11,54,30,0.0,test,3,0.0028050820862211
S01114,79,22,2025-12-11,18,24,0.0,test,3,0.0005807982868507
S01115,79,22,2025-12-11,48,21,0.0,test,3,0.0006373018834982
S01767,79,19,2025-12-11,28,14,0.0,test,3,0.0006601187979528
S01770,79,23,2025-12-11,21,28,0.0,test,3,0.0004823598917791
S01772,79,21,2025-12-11,45,28,0.0,test,3,0.0005224044678323
S01804,79,12,2025-12-11,43,22,0.0014834846666786,test,3,0.0025854796080677
S01805,79,11,2025-12-11,41,28,0.0072025853948379,test,3,0.0018757812047504
S01809,79,9,2025-12-11,45,22,0.0,test,3,0.0024501209605212
S02402,79,5,2025-12-11,56,20,0.0,test,3,0.0028778067050515
S02719,79,18,2025-12-11,59,19,0.0,test,3,0.0006957281853338
S02720,79,18,2025-12-11,24,14,0.0,test,3,0.000759133207966
S02722,79,22,2025-12-11,51,19,0.0,test,3,0.0004962864701078
S02724,79,22,2025-12-11,21,15,0.0,test,3,0.000492150124743
S02758,79,15,2025-12-11,19,16,0.0,test,3,0.0029865129783968
S02881,79,20,2025-12-11,59,25,0.0,test,3,0.0006064973076274
S02913,79,13,2025-12-11,23,23,0.0,test,3,0.0031478369334078
S03273,79,16,2025-12-11,25,18,0.0057768866416761,test,3,0.000597793551608
S03275,79,16,2025-12-11,34,24,0.0,test,3,0.0005878939740861
S03305,79,15,2025-12-11,36,31,0.0,test,3,0.0024313890838714
S03668,79,7,2025-12-11,58,22,0.0,test,3,0.002725754319275
S03739,79,22,2025-12-11,49,30,0.0,test,3,0.0005183979118879
S03742,79,21,2025-12-11,46,25,0.0,test,3,0.0005127554304114
S03747,79,19,2025-12-11,52,29,0.0,test,3,0.0006244295904593
S03749,79,19,2025-12-11,51,25,0.0,test,3,0.00057712483675
S03885,79,7,2025-12-11,47,27,0.0,test,3,0.0028568651084597
S03890,79,9,2025-12-11,52,18,0.0,test,3,0.0027149790237046
S03909,79,19,2025-12-11,58,22,0.0,test,3,0.0010480932952782
S04160,79,23,2025-12-11,40,15,0.0,test,3,0.0004558514630263
S04162,79,23,2025-12-11,15,21,0.0,test,3,0.0004941713038203
S04166,79,23,2025-12-11,47,26,0.0,test,3,0.0004201351533541
S04167,79,18,2025-12-11,43,27,0.0,test,3,0.00058887059527
S04171,79,16,2025-12-11,30,22,0.0,test,3,0.0006363217947984
S04381,79,10,2025-12-11,29,29,0.0,test,3,0.0019731925952741
S04411,79,4,2025-12-11,26,26,0.0,test,3,0.0025116063854121
S04533,79,10,2025-12-11,39,14,0.0,test,3,0.0019437966993931
S04675,79,13,2025-12-11,56,24,0.0,test,3,0.0031598968936934
S04748,79,7,2025-12-11,29,16,0.0,test,3,0.0027089919083406
S05262,79,1,2025-12-11,21,19,0.0,test,3,0.0029410943062951
S05290,79,20,2025-12-11,46,12,0.0,test,3,0.0005485976932458
S05327,79,7,2025-12-11,33,28,0.0035125660814745,test,3,0.002815911142115
S05337,79,7,2025-12-11,47,14,0.0017489223189935,test,3,0.0029233671203373
S05954,79,23,2025-12-11,34,12,0.0,test,3,0.000541287163833
S06003,79,6,2025-12-11,23,24,0.0,test,3,0.002835111053431
S06166,79,4,2025-12-11,53,18,0.0061507807593182,test,3,0.002816674219409
S06171,79,9,2025-12-11,44,22,0.0076599653529132,test,3,0.0022852349177119
S06175,79,15,2025-12-11,21,27,0.0030481727829449,test,3,0.002955498424439
S07405,79,22,2025-12-11,52,23,0.0,test,3,0.0004979146806477
S07480,79,6,2025-12-11,63,20,0.0029199052940174,test,3,0.002924308534018
S07807,79,3,2025-12-11,48,21,0.0168624981180247,test,3,0.0031410122057462
S07809,79,4,2025-12-11,56,17,0.0076394881828382,test,3,0.0026732577868677
S07813,79,1,2025-12-11,57,16,0.0087759957974104,test,3,0.0028975019266001
S07817,79,4,2025-12-11,23,15,0.0136433224583742,test,3,0.0029841554128179
S07818,79,15,2025-12-11,46,16,0.0020616461227986,test,3,0.0026573475772645
S08151,79,12,2025-12-11,55,27,0.0105410507115739,test,3,0.0026471458249915
S08765,79,3,2025-12-11,44,28,0.0,test,3,0.0031376710398679
S08798,79,23,2025-12-11,26,27,0.0,test,3,0.0004357781374257
S08818,79,15,2025-12-11,40,22,0.0,test,3,0.0027117693657236
S09036,79,21,2025-12-11,26,23,0.0,test,3,0.0007138890662722
S09041,79,21,2025-12-11,34,25,0.0,test,3,0.0005491478377459
S09042,79,21,2025-12-11,59,26,0.0,test,3,0.0007381632963264
S09094,79,12,2025-12-11,40,17,0.0,test,3,0.00256272510751
S09205,79,19,2025-12-11,30,29,0.0,test,3,0.0006129020852215
S09314,79,5,2025-12-11,46,13,0.0,test,3,0.002522781509506
S09506,79,13,2025-12-11,59,22,0.0,test,3,0.0031708948316337
S10000,79,23,2025-12-11,55,27,0.0,test,3,0.000436584066967
S10001,79,23,2025-12-11,49,15,0.0,test,3,0.0004586039844255
S10004,79,18,2025-12-11,57,27,0.0,test,3,0.0006574157314514
S10023,79,3,2025-12-11,19,26,0.0144760603508994,test,3,0.0030500908519005
S10210,79,17,2025-12-11,43,28,0.0,test,3,0.0004579243841758
S10333,79,9,2025-12-11,32,14,0.0,test,3,0.0027513586308509
S10502,79,21,2025-12-11,20,18,0.0,test,3,0.00050750866481
S10505,79,17,2025-12-11,49,16,0.0,test,3,0.0004257974323974
S10600,79,1,2025-12-11,58,14,0.0,test,3,0.0017361778419003
S10691,79,13,2025-12-11,61,25,0.0,test,3,0.0031534340943691
S10853,79,21,2025-12-11,60,28,0.0201550387596899,test,3,0.0012882314586
S10896,79,5,2025-12-11,22,24,0.0092245015381902,test,3,0.0029779363967103
S11254,79,14,2025-12-11,23,19,0.0337593277245689,test,3,0.0028368873899141
S11258,79,11,2025-12-11,43,18,0.0216204458945078,test,3,0.0020046685527498
S11259,79,14,2025-12-11,28,24,0.0407308993137968,test,3,0.0027534954595934
S11683,79,12,2025-12-11,62,23,0.0,test,3,0.0028320950483616
S11731,79,3,2025-12-11,25,22,0.0,test,3,0.0032109282553609
S11733,79,1,2025-12-11,42,22,0.0,test,3,0.0024298484756036
S11831,79,17,2025-12-11,58,25,0.0,test,3,0.0004538289672506
S11838,79,20,2025-12-11,50,19,0.0,test,3,0.0004990319274696
S11847,79,19,2025-12-11,34,20,0.0,test,3,0.0006536033870068
S11851,79,18,2025-12-11,32,29,0.0,test,3,0.0005588868757191
S11857,79,18,2025-12-11,27,16,0.0,test,3,0.0006380047611162
S11859,79,20,2025-12-11,56,20,0.0135981832608279,test,3,0.0005818928934808
S12742,79,22,2025-12-11,51,20,0.0,test,3,0.0005600688774377
S12743,79,22,2025-12-11,51,26,0.0,test,3,0.0004779901759687
S12750,79,20,2025-12-11,23,18,0.0,test,3,0.0004899147228119
S12751,79,19,2025-12-11,47,12,0.0,test,3,0.0007465243379433
S12757,79,17,2025-12-11,22,20,0.0,test,3,0.00044342220129
S12760,79,19,2025-12-11,30,26,0.0,test,3,0.0006385550942306
S12763,79,16,2025-12-11,54,22,0.0,test,3,0.0006381291883671
S12869,79,15,2025-12-11,48,26,0.0,test,3,0.0027183256561477
S12872,79,4,2025-12-11,27,13,0.0,test,3,0.0029912333695013
S12873,79,6,2025-12-11,16,21,0.0,test,3,0.0028879143070176
S13061,79,7,2025-12-11,61,28,0.0,test,3,0.0021504901084328
S13062,79,3,2025-12-11,58,14,0.0,test,3,0.0028893339349421
S13128,79,15,2025-12-11,52,26,0.0,test,3,0.0026624131216108
S13424,79,22,2025-12-11,37,15,0.0,test,3,0.0004947834164629
S13428,79,18,2025-12-11,34,25,0.0,test,3,0.000595956464191
S13760,79,17,2025-12-11,33,17,0.0145053277296654,test,3,0.0004607515349797
S13807,79,9,2025-12-11,31,19,0.0175134719014626,test,3,0.0024432931562606
S13809,79,12,2025-12-11,33,25,0.0104594145253277,test,3,0.0026773279507691
S13811,79,12,2025-12-11,29,19,0.010677322505626,test,3,0.0027891244528548
S13815,79,11,2025-12-11,39,22,0.0051901804292602,test,3,0.0021793736874116
S13989,79,4,2025-12-11,33,19,0.0091907345560523,test,3,0.0029264248233892
S13992,79,7,2025-12-11,55,23,0.0055422976559537,test,3,0.002843152134067
S13994,79,6,2025-12-11,39,13,0.0018815921980177,test,3,0.0027896344593369
S13999,79,5,2025-12-11,34,14,0.0055877855729447,test,3,0.0026332823566658
S14000,79,7,2025-12-11,44,19,0.0037534645913103,test,3,0.0028005490436542
S14270,79,5,2025-12-11,28,27,0.0,test,3,0.0030402657864004
S14428,79,10,2025-12-11,17,16,0.0,test,3,0.002529630103371
S14561,79,10,2025-12-11,54,15,0.0,test,3,0.0022409978221373
S14610,79,18,2025-12-11,27,26,0.0,test,3,0.0005564555704611
S14706,79,7,2025-12-11,46,17,0.0,test,3,0.0028252450839185
S14850,79,17,2025-12-11,21,23,0.0,test,3,0.0004673777564709
S14851,79,17,2025-12-11,56,29,0.0,test,3,0.0007646269791541
S14852,79,16,2025-12-11,53,22,0.0,test,3,0.000632511408955
S14856,79,18,2025-12-11,32,13,0.0,test,3,0.0006063085896602
S14863,79,17,2025-12-11,60,27,0.0,test,3,0.0005363688177993
S14864,79,21,2025-12-11,30,20,0.0,test,3,0.0005374072528485
S14889,79,12,2025-12-11,34,16,0.0,test,3,0.0027557893531925
S14912,79,11,2025-12-11,17,27,0.0,test,3,0.0019728468849265
S15275,79,15,2025-12-11,50,25,0.0067230073621665,test,3,0.002770876865631
S15277,79,13,2025-12-11,27,21,0.0083526604147759,test,3,0.0030736760735884
S15281,79,7,2025-12-11,53,20,0.008340381543088,test,3,0.0028269944310756
S15283,79,7,2025-12-11,18,20,0.0083049261413007,test,3,0.0028886110245068
S15285,79,12,2025-12-11,41,26,0.0,test,3,0.0026680484677154
S15314,79,22,2025-12-11,52,27,0.0,test,3,0.0004827839855295
S16037,79,3,2025-12-11,39,13,0.0,test,3,0.0019248076452764
S16261,79,20,2025-12-11,49,13,0.0,test,3,0.0005242379205065
S16265,79,22,2025-12-11,30,23,0.0,test,3,0.000559043262178
S16642,79,19,2025-12-11,54,26,0.0,test,3,0.00064361176344
S16815,79,10,2025-12-11,20,24,0.0,test,3,0.0021200983481528
S16867,79,11,2025-12-11,44,14,0.0031324055866485,test,3,0.0019399101874491
S16879,79,4,2025-12-11,47,24,0.0,test,3,0.002960117872942
S16880,79,3,2025-12-11,52,20,0.0,test,3,0.0030631141628175
S16886,79,5,2025-12-11,47,23,0.0,test,3,0.0029784329612106
S16887,79,14,2025-12-11,65,21,0.0,test,3,0.0027848593582002
S16898,79,11,2025-12-11,59,26,0.0,test,3,0.0021012874252853
S16901,79,12,2025-12-11,55,19,0.0,test,3,0.0028396132016375
S16906,79,14,2025-12-11,30,15,0.0,test,3,0.0027699287432105
S17164,79,16,2025-12-11,56,13,0.0,test,3,0.0008439730807378
S17751,79,19,2025-12-11,38,24,0.0,test,3,0.0006150503019065
S18054,79,15,2025-12-11,47,28,0.0,test,3,0.0026806640695166
S18057,79,15,2025-12-11,24,13,0.0,test,3,0.0029702220812607
S18077,79,5,2025-12-11,22,16,0.0,test,3,0.0029953905916757
S18078,79,6,2025-12-11,30,29,0.0,test,3,0.002950046380895
S18433,79,5,2025-12-11,48,18,0.0,test,3,0.0027843935259078
S19421,79,10,2025-12-11,21,29,0.0,test,3,0.0020218553902972
S19437,79,18,2025-12-11,43,12,0.001762636364926,test,3,0.0006749168508163
S19584,79,7,2025-12-11,29,14,0.0,test,3,0.0028145815533669
S19585,79,11,2025-12-11,49,28,0.0,test,3,0.0019969213754241
S19587,79,13,2025-12-11,57,19,0.0,test,3,0.0032223993049759
S19733,79,4,2025-12-11,21,29,0.0,test,3,0.0027832434896599
S19891,79,21,2025-12-11,21,26,0.0,test,3,0.0005285000519944
S19895,79,23,2025-12-11,17,23,0.0,test,3,0.0004648494848004
S19898,79,18,2025-12-11,50,21,0.0,test,3,0.0008265686484862
S20074,79,3,2025-12-11,46,14,0.0019472556233372,test,3,0.0025549446529135
S20076,79,4,2025-12-11,19,20,0.0,test,3,0.002938202050529
S20079,79,3,2025-12-11,13,20,0.0038229739968539,test,3,0.0025276244770824
S20368,79,13,2025-12-11,52,25,0.0077773213622048,test,3,0.0029447486435246
S20369,79,13,2025-12-11,39,16,0.0,test,3,0.0029514455794822
S20379,79,10,2025-12-11,19,27,0.0,test,3,0.0023569627057593
S20381,79,10,2025-12-11,39,29,0.0,test,3,0.0017431351830993
S20383,79,11,2025-12-11,40,30,0.0098025293286943,test,3,0.0018133780220809
S20387,79,11,2025-12-11,55,27,0.0135746253223924,test,3,0.0017351473110888
S20422,79,19,2025-12-11,22,26,0.0,test,3,0.0006230129929168
S20424,79,17,2025-12-11,51,23,0.0031512338634,test,3,0.0004602942845496
S20461,79,3,2025-12-11,23,18,0.0,test,3,0.0027461530296094
S20925,79,9,2025-12-11,41,14,0.0,test,3,0.0026601645594097
S20927,79,9,2025-12-11,49,20,0.0,test,3,0.0025405895133063
S20934,79,6,2025-12-11,47,21,0.0,test,3,0.0028899869920842
S21405,79,12,2025-12-11,20,17,0.0,test,3,0.0027597270509971
S21681,79,16,2025-12-11,52,15,0.0,test,3,0.0005915096572239
S21702,79,3,2025-12-11,40,30,0.0,test,3,0.0031436959826074
S21704,79,7,2025-12-11,17,25,0.0,test,3,0.0029295753485435
S21796,79,4,2025-12-11,31,31,0.0,test,3,0.0028497547170167
S21907,79,14,2025-12-11,26,25,0.0,test,3,0.0028099505081495
S21910,79,15,2025-12-11,29,14,0.0,test,3,0.0027674024942294
S21911,79,11,2025-12-11,35,31,0.0,test,3,0.0017697712348451
S22099,79,19,2025-12-11,52,13,0.0,test,3,0.000754266192509
S22100,79,17,2025-12-11,42,31,0.0,test,3,0.0006407314574494
S22288,79,17,2025-12-11,32,30,0.0,test,3,0.0005060152863419
S22461,79,6,2025-12-11,62,27,0.0,test,3,0.002978981619548
S22517,79,5,2025-12-11,15,23,0.0094967850420858,test,3,0.0030928335616073
S22518,79,6,2025-12-11,27,28,0.0062976162192127,test,3,0.0030009801521537
S22521,79,3,2025-12-11,53,28,0.0048513363137653,test,3,0.0031599278648138
S22733,79,4,2025-12-11,27,16,0.0,test,3,0.0028058103197107
S22734,79,3,2025-12-11,60,25,0.0,test,3,0.0031479792240887
S22738,79,9,2025-12-11,21,20,0.0,test,3,0.0026906014144913
S22915,79,9,2025-12-11,25,26,0.0127163230125148,test,3,0.0026418472216297
S22918,79,13,2025-12-11,25,20,0.004794150557549,test,3,0.0031659705862175
S22919,79,11,2025-12-11,34,26,0.0048043925875085,test,3,0.0019895633784333
S23093,79,20,2025-12-11,41,32,0.0,test,3,0.0015924945725848
S23124,79,3,2025-12-11,55,23,0.0,test,3,0.0030903909458464
S23222,79,12,2025-12-11,56,23,0.0,test,3,0.0027226440228654
S23229,79,9,2025-12-11,18,24,0.0,test,3,0.0026020709947274
S23379,79,16,2025-12-11,44,12,0.0,test,3,0.0006068899813273
S23380,79,16,2025-12-11,43,30,0.0,test,3,0.0006073716223112
S23385,79,18,2025-12-11,59,18,0.0,test,3,0.0006596995893386
S23419,79,21,2025-12-11,43,31,0.0,test,3,0.0005504977940346
S23458,79,7,2025-12-11,38,31,0.0,test,3,0.0026191855439113
S23460,79,1,2025-12-11,22,26,0.0,test,3,0.0030107639891035
S23487,79,22,2025-12-11,49,21,0.0,test,3,0.0005665734786904
S23488,79,19,2025-12-11,26,17,0.0,test,3,0.0006446466283895
S23499,79,16,2025-12-11,27,30,0.0,test,3,0.0006852951912919
S23573,79,10,2025-12-11,30,20,0.0,test,3,0.0024015407277756
S23710,79,19,2025-12-11,45,16,0.0,test,3,0.000613401448326
S23844,79,5,2025-12-11,35,30,0.0034025481457139,test,3,0.0030697070791399
S24108,79,11,2025-12-11,24,26,0.0,test,3,0.0018040434243134
S24404,79,6,2025-12-11,16,22,0.0028197621641249,test,3,0.0027787621898147
S24407,79,12,2025-12-11,34,18,0.0,test,3,0.0027363319822649
S24424,79,21,2025-12-11,36,18,0.0,test,3,0.000527616764583
S24656,79,9,2025-12-11,44,21,0.0,test,3,0.0023131634764747
S24966,79,3,2025-12-11,28,28,0.0,test,3,0.0031325029732618
S25332,79,9,2025-12-11,47,25,0.0,test,3,0.0025238267058895
S25680,79,6,2025-12-11,20,28,0.0,test,3,0.0029891232748572
S25871,79,5,2025-12-11,21,17,0.0,test,3,0.0030753597387406
S25950,79,23,2025-12-11,38,31,0.0,test,3,0.0006164961367255
S25955,79,19,2025-12-11,45,28,0.0,test,3,0.000686718642806
S26328,79,4,2025-12-11,39,18,0.0,test,3,0.0024367217325684
S26408,79,23,2025-12-11,15,24,0.0,test,3,0.0004713023364142
S26579,79,1,2025-12-11,22,14,0.0,test,3,0.0017954278173205
S26580,79,6,2025-12-11,24,30,0.0,test,3,0.0027059596762794
S26965,79,14,2025-12-11,24,26,0.013644509002331,test,3,0.0027650432230892
S26966,79,11,2025-12-11,20,25,0.0012702745531036,test,3,0.0020289677107457
S26969,79,15,2025-12-11,16,20,0.016898480399657,test,3,0.0030489151123108
S26970,79,15,2025-12-11,25,24,0.0148192322027581,test,3,0.0029004011878898
S27235,79,22,2025-12-11,33,11,0.0,test,3,0.0007104575299129
S27249,79,5,2025-12-11,32,13,0.0,test,3,0.0026554975271519
S27251,79,1,2025-12-11,50,24,0.0,test,3,0.002851704812664
S27389,79,4,2025-12-11,44,22,0.0,test,3,0.0028867397379178
S27392,79,6,2025-12-11,48,24,0.0,test,3,0.0029081842293347
S27526,79,13,2025-12-11,30,16,0.0,test,3,0.0029886024424937
S27527,79,13,2025-12-11,17,21,0.0,test,3,0.003188248144947
S27852,79,13,2025-12-11,30,31,0.0,test,3,0.0024963209073516
S28047,79,14,2025-12-11,34,20,0.0023322493301235,test,3,0.002772316837046
S28247,79,13,2025-12-11,57,18,0.0,test,3,0.0031568635312262
S28250,79,7,2025-12-11,16,25,0.0,test,3,0.0028690591878288
S28251,79,1,2025-12-11,39,12,0.0,test,3,0.0016514629628526
S28253,79,15,2025-12-11,37,23,0.0,test,3,0.0026386895429494
S28301,79,9,2025-12-11,38,13,0.0,test,3,0.0026143184582082
S28446,79,19,2025-12-11,33,22,0.0,test,3,0.0008436259213001
S28452,79,23,2025-12-11,38,30,0.0,test,3,0.0004637881208522
S28453,79,20,2025-12-11,58,15,0.0,test,3,0.0006097966029542
S28833,79,23,2025-12-11,23,17,0.0,test,3,0.0004466759537207
S28848,79,4,2025-12-11,31,12,0.0,test,3,0.0026692241824956
S29193,79,16,2025-12-11,58,25,0.0,test,3,0.0005767427603409
S29356,79,4,2025-12-11,19,28,0.0,test,3,0.002811518248269
S29559,79,15,2025-12-11,32,22,0.0,test,3,0.0028027866372558
S29563,79,4,2025-12-11,45,23,0.0,test,3,0.0030247739264417
S29565,79,7,2025-12-11,55,27,0.0,test,3,0.0027828060906665
S29580,79,15,2025-12-11,35,27,0.0,test,3,0.0027630548910956
S29581,79,10,2025-12-11,45,28,0.0,test,3,0.001636876638958
S29587,79,19,2025-12-11,65,22,0.0,test,3,0.0008493935473366
S29589,79,22,2025-12-11,64,20,0.0,test,3,0.0005165974209538
S29763,79,14,2025-12-11,52,28,0.0,test,3,0.0027492082697801
S29765,79,5,2025-12-11,31,14,0.0,test,3,0.0025993985654082
S29766,79,5,2025-12-11,50,25,0.0,test,3,0.0029946588125214
S29767,79,5,2025-12-11,63,23,0.0,test,3,0.0030532419960485
S29771,79,7,2025-12-11,54,20,0.0,test,3,0.002836288576795
S29975,79,16,2025-12-11,21,19,0.0,test,3,0.0006534537252493
S29980,79,18,2025-12-11,57,15,0.0,test,3,0.0006271850936015
S29984,79,21,2025-12-11,28,28,0.0,test,3,0.0005108186795233
S29996,79,22,2025-12-11,46,24,0.0,test,3,0.0005555451220698
S30192,79,1,2025-12-11,52,21,0.0476074686473024,test,3,0.0028458726181984
S30195,79,1,2025-12-11,13,21,0.0086764639132423,test,3,0.0028359135896703
S30198,79,7,2025-12-11,50,26,0.009200023694226,test,3,0.0027987904771414
S30203,79,13,2025-12-11,35,13,0.0148579970104633,test,3,0.0029887714796111
S30204,79,10,2025-12-11,54,23,0.0155474834017871,test,3,0.0022465240782327
S31363,79,12,2025-12-11,33,31,0.0,test,3,0.0025565914585443
S31722,79,4,2025-12-11,18,24,0.0,test,3,0.0028547171861715
S31765,79,15,2025-12-11,23,17,0.0,test,3,0.0029602380915976
S31822,79,12,2025-12-11,57,14,0.0,test,3,0.0019469966068505
S32149,79,15,2025-12-11,31,12,0.0066205757369886,test,3,0.0026470727918755
S32472,79,15,2025-12-11,56,19,0.0,test,3,0.0029231903447778
S32594,79,5,2025-12-11,39,20,0.0,test,3,0.0024791463191156
S32596,79,7,2025-12-11,42,26,0.0,test,3,0.0028760782979175
S33050,79,6,2025-12-11,56,24,0.0,test,3,0.0028710185037407
S33057,79,11,2025-12-11,20,21,0.0078059966388666,test,3,0.0023578058347848
S33074,79,11,2025-12-11,53,13,0.0,test,3,0.0020164327677593
S33638,79,23,2025-12-11,40,18,0.0,test,3,0.0004455519845478
S33657,79,12,2025-12-11,33,12,0.0,test,3,0.0026468288006551
S33661,79,9,2025-12-11,29,27,0.0,test,3,0.0026280754522239
S33740,79,22,2025-12-11,30,29,0.0,test,3,0.0005287911177926
S33741,79,17,2025-12-11,26,16,0.0,test,3,0.0004417189619863
S33743,79,20,2025-12-11,28,26,0.0,test,3,0.0004738320835599
S33790,79,11,2025-12-11,39,12,0.0,test,3,0.001933921212687
S34143,79,3,2025-12-11,47,12,0.0,test,3,0.0027669263621833
S34237,79,16,2025-12-11,17,24,0.0145897548803757,test,3,0.0005875380790352
S34239,79,19,2025-12-11,51,13,0.0,test,3,0.0008267019759878
S34240,79,17,2025-12-11,20,17,0.0,test,3,0.0004497085524862
S34241,79,19,2025-12-11,20,28,0.0,test,3,0.0006404214715699
S34248,79,21,2025-12-11,17,22,0.0,test,3,0.0006308475711052
S34264,79,16,2025-12-11,47,28,0.0,test,3,0.000587185154425
S34266,79,22,2025-12-11,42,29,0.0,test,3,0.0004839332200772
S34908,79,3,2025-12-11,39,21,0.0,test,3,0.0029803460704166
S35005,79,4,2025-12-11,33,11,0.0,test,3,0.0023528839262681
S35368,79,22,2025-12-11,26,24,0.0,test,3,0.0004714941933836
S35389,79,12,2025-12-11,33,22,0.0,test,3,0.0026720783102358
S35391,79,15,2025-12-11,32,19,0.018800121047057,test,3,0.0027517349388015
S35398,79,11,2025-12-11,14,20,0.0018238532110091,test,3,0.002174696553107
S36031,79,14,2025-12-11,62,24,0.0020330940254852,test,3,0.0028240719530465
S36039,79,9,2025-12-11,63,20,0.0040571759769467,test,3,0.002456680805083
S36194,79,16,2025-12-11,29,15,0.0,test,3,0.0006188142881434
S36195,79,19,2025-12-11,25,20,0.0,test,3,0.0006024726809769
S36623,79,21,2025-12-11,22,25,0.0,test,3,0.0005323981190572
S36624,79,20,2025-12-11,34,27,0.0,test,3,0.0005021905337273
S36649,79,12,2025-12-11,44,16,0.0,test,3,0.0026455538183812
S36694,79,4,2025-12-11,28,16,0.0,test,3,0.0026995108640477
S36897,79,14,2025-12-11,39,28,0.0,test,3,0.0027142252836376
S36899,79,12,2025-12-11,64,24,0.0,test,3,0.0027935403600666
S37143,79,19,2025-12-11,56,15,0.0,test,3,0.0007066619257239
S37145,79,19,2025-12-11,52,22,0.0,test,3,0.000732509364211
S37146,79,17,2025-12-11,37,15,0.0,test,3,0.0004422795529905
S37198,79,19,2025-12-11,38,11,0.0,test,3,0.0011058316041943
S37402,79,12,2025-12-11,22,23,0.0,test,3,0.0027791023894836
S37405,79,10,2025-12-11,63,22,0.0,test,3,0.0026201518248469
S37686,79,16,2025-12-11,15,18,0.0,test,3,0.0007006811200995
S37694,79,19,2025-12-11,38,12,0.0,test,3,0.0007805484052534
S37807,79,22,2025-12-11,59,29,0.0,test,3,0.0009717311170558
S37854,79,17,2025-12-11,52,28,0.0,test,3,0.0004899555316251
S37857,79,21,2025-12-11,44,13,0.0084364549914277,test,3,0.0005093615884063
S37910,79,1,2025-12-11,44,14,0.0,test,3,0.0027181505004385
S38251,79,6,2025-12-11,57,24,0.0080976937051429,test,3,0.0028545952102534
S38258,79,7,2025-12-11,37,29,0.0085239941000926,test,3,0.0028051921234077
S38552,79,7,2025-12-11,45,17,0.0162337397212173,test,3,0.0029597783616828
S38553,79,13,2025-12-11,18,27,0.0095875084052603,test,3,0.0031967150718263
S38554,79,11,2025-12-11,42,28,0.0041283184370535,test,3,0.0018440067657115
S38555,79,10,2025-12-11,23,15,0.0027029746317401,test,3,0.0025647897735968
S38616,79,23,2025-12-11,38,26,0.0,test,3,0.0004965068340654
S38620,79,20,2025-12-11,51,26,0.0,test,3,0.0004794569087632
S38624,79,18,2025-12-11,57,21,0.0,test,3,0.0009327350466265
S38626,79,20,2025-12-11,57,23,0.0,test,3,0.0005158357945333
S38665,79,14,2025-12-11,34,18,0.0,test,3,0.0027257106266353
S38698,79,14,2025-12-11,47,28,0.0,test,3,0.0027385386767602
S38815,79,5,2025-12-11,20,27,0.0,test,3,0.0031129165282789
S38905,79,15,2025-12-11,33,24,0.0,test,3,0.0027243753430796
S38906,79,15,2025-12-11,41,20,0.0,test,3,0.0025912017435412
S38915,79,5,2025-12-11,34,25,0.0,test,3,0.0030028552926127
S39043,79,19,2025-12-11,29,26,0.0117479509044385,test,3,0.0006115084550263
S39212,79,9,2025-12-11,19,15,0.0,test,3,0.0021812212039257
S39323,79,23,2025-12-11,26,23,0.0,test,3,0.0004683134183278
S39343,79,13,2025-12-11,33,25,0.0,test,3,0.0031238573072207
S39578,79,14,2025-12-11,45,31,0.0,test,3,0.0023390341852401
S39580,79,6,2025-12-11,24,26,0.0,test,3,0.0029126583142434
S39602,79,17,2025-12-11,53,26,0.0,test,3,0.0004577115715323
S39609,79,23,2025-12-11,37,17,0.0,test,3,0.000466810949452
S39922,79,7,2025-12-11,52,12,0.0,test,3,0.0016600729067296
S40602,79,13,2025-12-11,22,28,0.0,test,3,0.0031601137792714
S40605,79,13,2025-12-11,32,23,0.00855064796535,test,3,0.003012583483767
S40616,79,9,2025-12-11,44,18,0.0,test,3,0.0026360336633117
S40618,79,13,2025-12-11,51,30,0.0,test,3,0.0026050301392831
S40619,79,9,2025-12-11,37,29,0.0,test,3,0.0026330451167879
S40937,79,3,2025-12-11,24,29,0.006459746809119,test,3,0.0031091805976416
S41215,79,16,2025-12-11,49,25,0.0,test,3,0.0006093397626171
S41221,79,21,2025-12-11,29,17,0.0,test,3,0.0005097019684132
S41222,79,22,2025-12-11,52,20,0.0,test,3,0.0005009238692792
S41312,79,4,2025-12-11,20,14,0.0081570352377357,test,3,0.0016807645753076
S41386,79,11,2025-12-11,32,30,0.0,test,3,0.0018000285171869
S41518,79,7,2025-12-11,50,22,0.0,test,3,0.0028670034998742
S41519,79,1,2025-12-11,26,16,0.007074254765692,test,3,0.0027284031109986
S41522,79,6,2025-12-11,25,26,0.0036324833176193,test,3,0.0028883646538474
S41524,79,5,2025-12-11,52,14,0.0035641803460912,test,3,0.00243329703548
S41531,79,11,2025-12-11,42,19,0.0053973632197389,test,3,0.0019719903363434
S42196,79,10,2025-12-11,40,13,0.0,test,3,0.0021690229532436
S42202,79,12,2025-12-11,30,17,0.0,test,3,0.0028071389185338
S42296,79,23,2025-12-11,19,28,0.0111276449900624,test,3,0.0006220301798055
S42515,79,14,2025-12-11,19,17,0.0074750330886776,test,3,0.002865263595306
S42518,79,10,2025-12-11,55,25,0.0,test,3,0.0021222420919806
S42543,79,5,2025-12-11,23,18,0.0,test,3,0.0027411440559808
S42548,79,5,2025-12-11,31,16,0.0050234748902062,test,3,0.0024061344422444
S42645,79,9,2025-12-11,48,19,0.0,test,3,0.0025892797832288
S42779,79,16,2025-12-11,42,30,0.0,test,3,0.0006310129039997
S42784,79,22,2025-12-11,29,14,0.0,test,3,0.0005230554764169
S42786,79,16,2025-12-11,17,20,0.0,test,3,0.000605668577079
S42956,79,9,2025-12-11,54,23,0.0,test,3,0.0026194613609984
S43053,79,4,2025-12-11,54,25,0.0130374334356391,test,3,0.0029326307832663
S43209,79,11,2025-12-11,51,25,0.0181327649442172,test,3,0.0020224788428357
S43210,79,11,2025-12-11,41,29,0.0199542297346127,test,3,0.0017514522785181
S00266,79,1,2025-12-11,49,23,0.0,test,4,0.0028728215079293
S00272,79,6,2025-12-11,57,21,0.0,test,4,0.0027700429089793
S00274,79,5,2025-12-11,27,30,0.0022248783479494,test,4,0.0031255252883029
S00276,79,4,2025-12-11,56,26,0.0,test,4,0.0029016215335449
S00442,79,21,2025-12-11,34,28,0.0,test,4,0.0004775167850611
S00481,79,14,2025-12-11,38,12,0.0119378750102084,test,4,0.0026854908837042
S00696,79,9,2025-12-11,21,15,0.0,test,4,0.002568386008788
S00701,79,16,2025-12-11,56,26,0.0,test,4,0.0006511018306542
S00710,79,17,2025-12-11,56,16,0.0,test,4,0.0004469368377759
S00712,79,22,2025-12-11,18,26,0.0,test,4,0.0005184164217684
S00749,79,15,2025-12-11,56,14,0.0,test,4,0.0029783798775428
S00907,79,16,2025-12-11,30,12,0.0,test,4,0.0006564898333773
S00912,79,15,2025-12-11,19,28,0.0,test,4,0.0029657857416429
S00916,79,5,2025-12-11,48,31,0.0,test,4,0.0028065086154509
S01114,79,22,2025-12-11,16,24,0.0,test,4,0.0005590991347655
S01115,79,22,2025-12-11,50,21,0.0,test,4,0.0005632553832312
S01767,79,19,2025-12-11,26,14,0.0,test,4,0.0006586939697966
S01770,79,23,2025-12-11,23,29,0.0,test,4,0.0004739556732452
S01772,79,21,2025-12-11,43,28,0.0,test,4,0.0004956251982648
S01804,79,12,2025-12-11,42,22,0.0014834846666786,test,4,0.0026474250296427
S01805,79,11,2025-12-11,38,28,0.0072025853948379,test,4,0.0016149938523648
S01809,79,9,2025-12-11,43,22,0.0,test,4,0.0023991585333109
S02402,79,5,2025-12-11,54,20,0.0,test,4,0.002443243087118
S02719,79,18,2025-12-11,61,19,0.0,test,4,0.000652337143788
S02720,79,18,2025-12-11,20,15,0.0,test,4,0.0008224549636642
S02722,79,22,2025-12-11,54,19,0.0,test,4,0.0005053945355766
S02724,79,22,2025-12-11,23,15,0.0,test,4,0.000551040021449
S02758,79,15,2025-12-11,17,17,0.0,test,4,0.0030010755604694
S02881,79,20,2025-12-11,61,25,0.0,test,4,0.0006949925448285
S02913,79,13,2025-12-11,25,23,0.0,test,4,0.0031310072683109
S03273,79,16,2025-12-11,23,18,0.0057768866416761,test,4,0.0006276196426723
S03275,79,16,2025-12-11,32,24,0.0,test,4,0.000562789864749
S03305,79,15,2025-12-11,38,31,0.0,test,4,0.0024139470340244
S03668,79,7,2025-12-11,56,22,0.0,test,4,0.0028502270092943
S03739,79,22,2025-12-11,47,30,0.0,test,4,0.0004969287705024
S03742,79,21,2025-12-11,48,25,0.0,test,4,0.0005256902606806
S03747,79,19,2025-12-11,54,29,0.0,test,4,0.0006665454083192
S03749,79,19,2025-12-11,53,25,0.0,test,4,0.0007034810422548
S03885,79,7,2025-12-11,49,27,0.0,test,4,0.0028279542161795
S03890,79,9,2025-12-11,50,18,0.0,test,4,0.0023918812424367
S03909,79,19,2025-12-11,57,22,0.0,test,4,0.0008613934267421
S04160,79,23,2025-12-11,42,15,0.0,test,4,0.000449355959145
S04162,79,23,2025-12-11,17,21,0.0,test,4,0.0004615409619987
S04166,79,23,2025-12-11,45,26,0.0,test,4,0.0004325377603356
S04167,79,18,2025-12-11,45,27,0.0,test,4,0.0005734547112361
S04171,79,16,2025-12-11,28,22,0.0,test,4,0.0006204625760174
S04381,79,10,2025-12-11,31,29,0.0,test,4,0.0018929893569545
S04411,79,4,2025-12-11,24,26,0.0,test,4,0.0029388625220911
S04533,79,10,2025-12-11,37,14,0.0,test,4,0.0019141985215218
S04675,79,13,2025-12-11,55,24,0.0,test,4,0.0030425646990859
S04748,79,7,2025-12-11,27,16,0.0,test,4,0.0027867319349041
S05262,79,1,2025-12-11,23,19,0.0,test,4,0.0028418560334014
S05290,79,20,2025-12-11,43,12,0.0,test,4,0.0006621938048325
S05327,79,7,2025-12-11,32,28,0.0035125660814745,test,4,0.00285902321499
S05337,79,7,2025-12-11,43,14,0.0017489223189935,test,4,0.0027216286181596
S05954,79,23,2025-12-11,33,12,0.0,test,4,0.0005496987771046
S06003,79,6,2025-12-11,21,24,0.0,test,4,0.0028483886491416
S06166,79,4,2025-12-11,51,18,0.0061507807593182,test,4,0.0027446824251821
S06171,79,9,2025-12-11,42,22,0.0076599653529132,test,4,0.0023562528556212
S06175,79,15,2025-12-11,23,27,0.0030481727829449,test,4,0.0028896757060242
S07405,79,22,2025-12-11,54,23,0.0,test,4,0.0004954121599681
S07480,79,6,2025-12-11,61,20,0.0029199052940174,test,4,0.0029750056129277
S07807,79,3,2025-12-11,50,21,0.0168624981180247,test,4,0.0031393499263406
S07809,79,4,2025-12-11,59,17,0.0076394881828382,test,4,0.0029770685317599
S07813,79,1,2025-12-11,56,16,0.0087759957974104,test,4,0.0030074067107599
S07817,79,4,2025-12-11,25,15,0.0136433224583742,test,4,0.0030664965001502
S07818,79,15,2025-12-11,44,16,0.0020616461227986,test,4,0.002769831638095
S08151,79,12,2025-12-11,57,27,0.0105410507115739,test,4,0.0027839737952722
S08765,79,3,2025-12-11,42,28,0.0,test,4,0.0031480392215847
S08798,79,23,2025-12-11,28,27,0.0,test,4,0.0004421690916185
S08818,79,15,2025-12-11,38,22,0.0,test,4,0.0027156600529035
S09036,79,21,2025-12-11,28,23,0.0,test,4,0.0005271316125727
S09041,79,21,2025-12-11,37,25,0.0,test,4,0.0005362181580299
S09042,79,21,2025-12-11,58,26,0.0,test,4,0.0006835577056524
S09094,79,12,2025-12-11,47,17,0.0,test,4,0.0027594131105063
S09205,79,19,2025-12-11,31,29,0.0,test,4,0.0006285251698502
S09314,79,5,2025-12-11,47,13,0.0,test,4,0.0024936625150578
S09506,79,13,2025-12-11,57,22,0.0,test,4,0.0031753184056903
S10000,79,23,2025-12-11,56,27,0.0,test,4,0.0004347985958491
S10001,79,23,2025-12-11,51,15,0.0,test,4,0.0004419001903573
S10004,79,18,2025-12-11,59,27,0.0,test,4,0.0006742976526473
S10023,79,3,2025-12-11,17,26,0.0144760603508994,test,4,0.0030739487552159
S10210,79,17,2025-12-11,41,28,0.0,test,4,0.0004747196985867
S10333,79,9,2025-12-11,30,14,0.0,test,4,0.0026740111745563
S10502,79,21,2025-12-11,18,18,0.0,test,4,0.0005534090460054
S10505,79,17,2025-12-11,47,16,0.0,test,4,0.0004598884532464
S10600,79,1,2025-12-11,59,15,0.0,test,4,0.0018826811792422
S10691,79,13,2025-12-11,63,25,0.0,test,4,0.0030923198217074
S10853,79,21,2025-12-11,58,29,0.0201550387596899,test,4,0.0010142228711802
S10896,79,5,2025-12-11,20,24,0.0092245015381902,test,4,0.0030281920883998
S11254,79,14,2025-12-11,25,19,0.0337593277245689,test,4,0.002754708671189
S11258,79,11,2025-12-11,41,18,0.0216204458945078,test,4,0.0019406528338684
S11259,79,14,2025-12-11,26,24,0.0407308993137968,test,4,0.0028876166754125
S11683,79,12,2025-12-11,64,23,0.0,test,4,0.0026896831470848
S11731,79,3,2025-12-11,23,22,0.0,test,4,0.0031403677579394
S11733,79,1,2025-12-11,34,22,0.0,test,4,0.0026236233268162
S11831,79,17,2025-12-11,62,25,0.0,test,4,0.0005302809253293
S11838,79,20,2025-12-11,52,19,0.0,test,4,0.0005166637797153
S11847,79,19,2025-12-11,32,20,0.0,test,4,0.000682442566469
S11851,79,18,2025-12-11,34,29,0.0,test,4,0.0006214554308966
S11857,79,18,2025-12-11,25,16,0.0,test,4,0.0005941454573831
S11859,79,20,2025-12-11,54,20,0.0135981832608279,test,4,0.0005071803518729
S12742,79,22,2025-12-11,49,20,0.0,test,4,0.0005177596631211
S12743,79,22,2025-12-11,49,26,0.0,test,4,0.0004673612285347
S12750,79,20,2025-12-11,22,18,0.0,test,4,0.0005411468262754
S12751,79,19,2025-12-11,45,12,0.0,test,4,0.0007284076501407
S12757,79,17,2025-12-11,20,20,0.0,test,4,0.0004822096282102
S12760,79,19,2025-12-11,28,26,0.0,test,4,0.0006614754245554
S12763,79,16,2025-12-11,52,22,0.0,test,4,0.0006689677588766
S12869,79,15,2025-12-11,46,26,0.0,test,4,0.0027626233004251
S12872,79,4,2025-12-11,29,13,0.0,test,4,0.003172731065654
S12873,79,6,2025-12-11,18,21,0.0,test,4,0.0028233843255939
S13061,79,7,2025-12-11,58,29,0.0,test,4,0.0020900219352644
S13062,79,3,2025-12-11,59,15,0.0,test,4,0.0025384564325843
S13128,79,15,2025-12-11,51,26,0.0,test,4,0.0026954441327806
S13424,79,22,2025-12-11,39,15,0.0,test,4,0.0004905586703348
S13428,79,18,2025-12-11,48,25,0.0,test,4,0.0006004068615764
S13760,79,17,2025-12-11,35,17,0.0145053277296654,test,4,0.0004677840570862
S13807,79,9,2025-12-11,33,19,0.0175134719014626,test,4,0.0026930762983972
S13809,79,12,2025-12-11,35,25,0.0104594145253277,test,4,0.002659635081614
S13811,79,12,2025-12-11,31,19,0.010677322505626,test,4,0.0027627720229198
S13815,79,11,2025-12-11,37,22,0.0051901804292602,test,4,0.0021840057892715
S13989,79,4,2025-12-11,35,19,0.0091907345560523,test,4,0.0024396461530891
S13992,79,7,2025-12-11,57,23,0.0055422976559537,test,4,0.0028100897291267
S13994,79,6,2025-12-11,41,13,0.0018815921980177,test,4,0.0026469624997454
S13999,79,5,2025-12-11,32,14,0.0055877855729447,test,4,0.0026620864234774
S14000,79,7,2025-12-11,46,19,0.0037534645913103,test,4,0.0028786472879288
S14270,79,5,2025-12-11,30,27,0.0,test,4,0.0030587071998988
S14428,79,10,2025-12-11,16,17,0.0,test,4,0.0024949110187288
S14561,79,10,2025-12-11,56,15,0.0,test,4,0.0022497132808776
S14610,79,18,2025-12-11,25,26,0.0,test,4,0.0005906969864312
S14706,79,7,2025-12-11,48,17,0.0,test,4,0.0028504634658116
S14850,79,17,2025-12-11,23,23,0.0,test,4,0.0004606016122852
S14851,79,17,2025-12-11,52,30,0.0,test,4,0.0005086977173125
S14852,79,16,2025-12-11,50,22,0.0,test,4,0.0007099509585805
S14856,79,18,2025-12-11,33,13,0.0,test,4,0.0006673292421955
S14863,79,17,2025-12-11,57,28,0.0,test,4,0.0005277308584151
S14864,79,21,2025-12-11,28,20,0.0,test,4,0.0005332802939237
S14889,79,12,2025-12-11,32,16,0.0,test,4,0.0027379189483728
S14912,79,11,2025-12-11,19,28,0.0,test,4,0.001900256924083
S15275,79,15,2025-12-11,53,25,0.0067230073621665,test,4,0.0027688979280569
S15277,79,13,2025-12-11,29,21,0.0083526604147759,test,4,0.0031238384210871
S15281,79,7,2025-12-11,51,20,0.008340381543088,test,4,0.0028390022524274
S15283,79,7,2025-12-11,16,20,0.0083049261413007,test,4,0.0027538897799448
S15285,79,12,2025-12-11,39,26,0.0,test,4,0.0026067320090823
S15314,79,22,2025-12-11,54,27,0.0,test,4,0.000490711772426
S16037,79,3,2025-12-11,41,13,0.0,test,4,0.0029049449236793
S16261,79,20,2025-12-11,51,13,0.0,test,4,0.0005377308009703
S16265,79,22,2025-12-11,46,23,0.0,test,4,0.0005325238397977
S16642,79,19,2025-12-11,52,26,0.0,test,4,0.0006185606913484
S16815,79,10,2025-12-11,18,24,0.0,test,4,0.0022726639577378
S16867,79,11,2025-12-11,42,14,0.0031324055866485,test,4,0.0017510540059868
S16879,79,4,2025-12-11,45,24,0.0,test,4,0.0025996165743931
S16880,79,3,2025-12-11,49,20,0.0,test,4,0.0029967264911868
S16886,79,5,2025-12-11,49,23,0.0,test,4,0.0030129875486837
S16887,79,14,2025-12-11,64,22,0.0,test,4,0.0028530078139062
S16898,79,11,2025-12-11,57,26,0.0,test,4,0.0020796606067578
S16901,79,12,2025-12-11,57,19,0.0,test,4,0.0027999674956096
S16906,79,14,2025-12-11,33,15,0.0,test,4,0.002586782887237
S17164,79,16,2025-12-11,59,15,0.0,test,4,0.0007423120543739
S17751,79,19,2025-12-11,36,24,0.0,test,4,0.0006396548136744
S18054,79,15,2025-12-11,46,28,0.0,test,4,0.0027198424537541
S18057,79,15,2025-12-11,22,14,0.0,test,4,0.0028594842367956
S18077,79,5,2025-12-11,20,16,0.0,test,4,0.0027756064463166
S18078,79,6,2025-12-11,31,29,0.0,test,4,0.002988822469318
S18433,79,5,2025-12-11,46,18,0.0,test,4,0.0025629243431031
S19421,79,10,2025-12-11,24,30,0.0,test,4,0.0018949166512286
S19437,79,18,2025-12-11,40,12,0.001762636364926,test,4,0.0006375393708358
S19584,79,7,2025-12-11,27,14,0.0,test,4,0.0028662364533548
S19585,79,11,2025-12-11,47,28,0.0,test,4,0.0018462064614695
S19587,79,13,2025-12-11,59,19,0.0,test,4,0.0031445985575888
S19733,79,4,2025-12-11,24,30,0.0,test,4,0.0028586425294691
S19891,79,21,2025-12-11,19,26,0.0,test,4,0.0005387382356072
S19895,79,23,2025-12-11,19,23,0.0,test,4,0.00043862853862
S19898,79,18,2025-12-11,54,21,0.0,test,4,0.0007372466244957
S20074,79,3,2025-12-11,44,14,0.0019472556233372,test,4,0.0027589436456625
S20076,79,4,2025-12-11,17,20,0.0,test,4,0.0029676583285673
S20079,79,3,2025-12-11,14,21,0.0038229739968539,test,4,0.0024101645820616
S20368,79,13,2025-12-11,54,25,0.0077773213622048,test,4,0.002946238337785
S20369,79,13,2025-12-11,37,16,0.0,test,4,0.0029085849121983
S20379,79,10,2025-12-11,21,27,0.0,test,4,0.0023479998016825
S20381,79,10,2025-12-11,41,29,0.0,test,4,0.001813066472935
S20383,79,11,2025-12-11,38,30,0.0098025293286943,test,4,0.0017343772441328
S20387,79,11,2025-12-11,57,27,0.0135746253223924,test,4,0.0018654716981516
S20422,79,19,2025-12-11,21,26,0.0,test,4,0.0006568085203464
S20424,79,17,2025-12-11,53,23,0.0031512338634,test,4,0.000424503873294
S20461,79,3,2025-12-11,21,18,0.0,test,4,0.0029823126182671
S20925,79,9,2025-12-11,39,14,0.0,test,4,0.0025476070641281
S20927,79,9,2025-12-11,47,20,0.0,test,4,0.0025445637333859
S20934,79,6,2025-12-11,50,21,0.0,test,4,0.0029417281081316
S21405,79,12,2025-12-11,22,17,0.0,test,4,0.0027412358532897
S21681,79,16,2025-12-11,55,15,0.0,test,4,0.0006414806287139
S21702,79,3,2025-12-11,38,30,0.0,test,4,0.0031068184543029
S21704,79,7,2025-12-11,19,25,0.0,test,4,0.0029407568419416
S21796,79,4,2025-12-11,34,32,0.0,test,4,0.0027417214656895
S21907,79,14,2025-12-11,28,25,0.0,test,4,0.0027830266882164
S21910,79,15,2025-12-11,26,14,0.0,test,4,0.0028169592054569
S21911,79,11,2025-12-11,37,31,0.0,test,4,0.0019590328770989
S22099,79,19,2025-12-11,55,14,0.0,test,4,0.0006683613339048
S22100,79,17,2025-12-11,45,31,0.0,test,4,0.0005857759357473
S22288,79,17,2025-12-11,29,30,0.0,test,4,0.0005025907479744
S22461,79,6,2025-12-11,59,28,0.0,test,4,0.0030304022714577
S22517,79,5,2025-12-11,17,23,0.0094967850420858,test,4,0.0031199104232298
S22518,79,6,2025-12-11,25,28,0.0062976162192127,test,4,0.0029884866927899
S22521,79,3,2025-12-11,51,28,0.0048513363137653,test,4,0.0031185738504737
S22733,79,4,2025-12-11,25,16,0.0,test,4,0.0029992389060316
S22734,79,3,2025-12-11,62,25,0.0,test,4,0.0031530721471882
S22738,79,9,2025-12-11,18,20,0.0,test,4,0.0028015973346649
S22915,79,9,2025-12-11,23,26,0.0127163230125148,test,4,0.0027470420034703
S22918,79,13,2025-12-11,23,20,0.004794150557549,test,4,0.0031282402675791
S22919,79,11,2025-12-11,32,26,0.0048043925875085,test,4,0.0019343548336512
S23093,79,20,2025-12-11,40,32,0.0,test,4,0.0011857436785979
S23124,79,3,2025-12-11,57,23,0.0,test,4,0.0031431614796019
S23222,79,12,2025-12-11,58,23,0.0,test,4,0.0027568026936467
S23229,79,9,2025-12-11,15,24,0.0,test,4,0.0027042398504392
S23379,79,16,2025-12-11,42,12,0.0,test,4,0.0005934979104028
S23380,79,16,2025-12-11,41,30,0.0,test,4,0.0006056825695865
S23385,79,18,2025-12-11,57,18,0.0,test,4,0.0006010997810332
S23419,79,21,2025-12-11,45,31,0.0,test,4,0.0005417068103274
S23458,79,7,2025-12-11,40,31,0.0,test,4,0.002633037769893
S23460,79,1,2025-12-11,21,26,0.0,test,4,0.0029512744750685
S23487,79,22,2025-12-11,51,21,0.0,test,4,0.0005559955503042
S23488,79,19,2025-12-11,28,17,0.0,test,4,0.0006086598261668
S23499,79,16,2025-12-11,32,31,0.0,test,4,0.0006990227627854
S23573,79,10,2025-12-11,28,20,0.0,test,4,0.0020504929934977
S23710,79,19,2025-12-11,43,16,0.0,test,4,0.0005982507579878
S23844,79,5,2025-12-11,33,30,0.0034025481457139,test,4,0.0030743816730949
S24108,79,11,2025-12-11,22,26,0.0,test,4,0.0019425679095584
S24404,79,6,2025-12-11,14,22,0.0028197621641249,test,4,0.0029415840049856
S24407,79,12,2025-12-11,32,18,0.0,test,4,0.0027627734653892
S24424,79,21,2025-12-11,34,18,0.0,test,4,0.0004992806888591
S24656,79,9,2025-12-11,46,21,0.0,test,4,0.0022815580509156
S24966,79,3,2025-12-11,26,28,0.0,test,4,0.0031465617776941
S25332,79,9,2025-12-11,49,25,0.0,test,4,0.00259729375726
S25680,79,6,2025-12-11,24,29,0.0,test,4,0.0030834311433138
S25871,79,5,2025-12-11,23,17,0.0,test,4,0.0026695000132306
S25950,79,23,2025-12-11,40,31,0.0,test,4,0.0005850659138231
S25955,79,19,2025-12-11,43,28,0.0,test,4,0.0007236720685357
S26328,79,4,2025-12-11,37,18,0.0,test,4,0.0023986214659473
S26408,79,23,2025-12-11,15,25,0.0,test,4,0.0005077876133854
S26579,79,1,2025-12-11,20,14,0.0,test,4,0.0017010992272996
S26580,79,6,2025-12-11,29,31,0.0,test,4,0.0028316147439235
S26965,79,14,2025-12-11,22,26,0.013644509002331,test,4,0.002666342917428
S26966,79,11,2025-12-11,22,25,0.0012702745531036,test,4,0.0019545932445065
S26969,79,15,2025-12-11,14,20,0.016898480399657,test,4,0.0030144659022626
S26970,79,15,2025-12-11,23,24,0.0148192322027581,test,4,0.0028633438856124
S27235,79,22,2025-12-11,37,11,0.0,test,4,0.000663181644015
S27249,79,5,2025-12-11,33,13,0.0,test,4,0.0026052772572776
S27251,79,1,2025-12-11,48,24,0.0,test,4,0.0028836570813452
S27389,79,4,2025-12-11,42,22,0.0,test,4,0.0029567407149318
S27392,79,6,2025-12-11,46,24,0.0,test,4,0.002941896089384
S27526,79,13,2025-12-11,28,16,0.0,test,4,0.0029453165962466
S27527,79,13,2025-12-11,19,21,0.0,test,4,0.0032474757330806
S27852,79,13,2025-12-11,34,32,0.0,test,4,0.0024979962861919
S28047,79,14,2025-12-11,32,20,0.0023322493301235,test,4,0.0027807068100377
S28247,79,13,2025-12-11,55,18,0.0,test,4,0.0030472037520071
S28250,79,7,2025-12-11,18,25,0.0,test,4,0.0029503437989858
S28251,79,1,2025-12-11,37,12,0.0,test,4,0.0016544922796708
S28253,79,15,2025-12-11,39,23,0.0,test,4,0.0027523775983806
S28301,79,9,2025-12-11,41,13,0.0,test,4,0.0026530522152296
S28446,79,19,2025-12-11,31,22,0.0,test,4,0.0011000595701621
S28452,79,23,2025-12-11,36,30,0.0,test,4,0.0004398445538285
S28453,79,20,2025-12-11,60,16,0.0,test,4,0.0006127915418093
S28833,79,23,2025-12-11,25,17,0.0,test,4,0.0004316272865501
S28848,79,4,2025-12-11,29,12,0.0,test,4,0.0024994305683251
S29193,79,16,2025-12-11,62,25,0.0,test,4,0.0007355022278311
S29356,79,4,2025-12-11,28,31,0.0,test,4,0.0026956416009689
S29559,79,15,2025-12-11,30,22,0.0,test,4,0.002818228748425
S29563,79,4,2025-12-11,47,23,0.0,test,4,0.0029286747067381
S29565,79,7,2025-12-11,57,27,0.0,test,4,0.0027953403981066
S29580,79,15,2025-12-11,37,27,0.0,test,4,0.0027355544589855
S29581,79,10,2025-12-11,43,28,0.0,test,4,0.0017164844097322
S29587,79,19,2025-12-11,63,22,0.0,test,4,0.0007908272160679
S29589,79,22,2025-12-11,63,20,0.0,test,4,0.000583929548548
S29763,79,14,2025-12-11,50,28,0.0,test,4,0.0027712714359955
S29765,79,5,2025-12-11,29,14,0.0,test,4,0.0024923127335774
S29766,79,5,2025-12-11,53,25,0.0,test,4,0.0029318815635274
S29767,79,5,2025-12-11,65,24,0.0,test,4,0.0030830870170375
S29771,79,7,2025-12-11,52,20,0.0,test,4,0.0028535742433307
S29975,79,16,2025-12-11,24,19,0.0,test,4,0.00056780807824
S29980,79,18,2025-12-11,60,16,0.0,test,4,0.0006840628367974
S29984,79,21,2025-12-11,26,28,0.0,test,4,0.0006359905383509
S29996,79,22,2025-12-11,32,24,0.0,test,4,0.0005401528942948
S30192,79,1,2025-12-11,54,21,0.0476074686473024,test,4,0.002944008432168
S30195,79,1,2025-12-11,15,21,0.0086764639132423,test,4,0.0028422038622359
S30198,79,7,2025-12-11,48,26,0.009200023694226,test,4,0.0028849413985029
S30203,79,13,2025-12-11,37,13,0.0148579970104633,test,4,0.0030061035975056
S30204,79,10,2025-12-11,56,23,0.0155474834017871,test,4,0.0024029048540665
S31363,79,12,2025-12-11,35,31,0.0,test,4,0.0026651567568901
S31722,79,4,2025-12-11,17,24,0.0,test,4,0.002942887268299
S31765,79,15,2025-12-11,25,17,0.0,test,4,0.0028479043533414
S31822,79,12,2025-12-11,59,15,0.0,test,4,0.0019096487828582
S32149,79,15,2025-12-11,30,12,0.0066205757369886,test,4,0.0025996073337281
S32472,79,15,2025-12-11,58,19,0.0,test,4,0.0030222046557669
S32594,79,5,2025-12-11,37,20,0.0,test,4,0.0028809846490275
S32596,79,7,2025-12-11,40,26,0.0,test,4,0.0029031625214155
S33050,79,6,2025-12-11,54,24,0.0,test,4,0.0028090502263075
S33057,79,11,2025-12-11,22,21,0.0078059966388666,test,4,0.0021121806435927
S33074,79,11,2025-12-11,57,14,0.0,test,4,0.0019066190821877
S33638,79,23,2025-12-11,38,18,0.0,test,4,0.0004641657340427
S33657,79,12,2025-12-11,27,13,0.0,test,4,0.002539677956753
S33661,79,9,2025-12-11,31,27,0.0,test,4,0.0025989271707067
S33740,79,22,2025-12-11,32,29,0.0,test,4,0.0004657182264114
S33741,79,17,2025-12-11,24,16,0.0,test,4,0.0004752477082976
S33743,79,20,2025-12-11,26,26,0.0,test,4,0.0005117591259551
S33790,79,11,2025-12-11,36,12,0.0,test,4,0.0019534170033509
S34143,79,3,2025-12-11,45,12,0.0,test,4,0.0017871524688561
S34237,79,16,2025-12-11,15,24,0.0145897548803757,test,4,0.0006499176352402
S34239,79,19,2025-12-11,56,14,0.0,test,4,0.0006661756083688
S34240,79,17,2025-12-11,21,17,0.0,test,4,0.0004544828337218
S34241,79,19,2025-12-11,23,29,0.0,test,4,0.000741785107037
S34248,79,21,2025-12-11,15,22,0.0,test,4,0.0006646368214439
S34264,79,16,2025-12-11,45,28,0.0,test,4,0.0005946973927664
S34266,79,22,2025-12-11,44,29,0.0,test,4,0.0004846800264397
S34908,79,3,2025-12-11,41,21,0.0,test,4,0.0029902723457123
S35005,79,4,2025-12-11,35,11,0.0,test,4,0.0015053359302033
S35368,79,22,2025-12-11,24,24,0.0,test,4,0.0005004628538397
S35389,79,12,2025-12-11,31,22,0.0,test,4,0.0026917755401577
S35391,79,15,2025-12-11,34,19,0.018800121047057,test,4,0.0026800470727879
S35398,79,11,2025-12-11,13,21,0.0018238532110091,test,4,0.0024113855962545
S36031,79,14,2025-12-11,60,24,0.0020330940254852,test,4,0.0027844280940815
S36039,79,9,2025-12-11,61,20,0.0040571759769467,test,4,0.0025732613131247
S36194,79,16,2025-12-11,31,15,0.0,test,4,0.0006632229273997
S36195,79,19,2025-12-11,23,20,0.0,test,4,0.0007254431778356
S36623,79,21,2025-12-11,24,25,0.0,test,4,0.0005295795201178
S36624,79,20,2025-12-11,37,27,0.0,test,4,0.0004845444606902
S36649,79,12,2025-12-11,41,16,0.0,test,4,0.0027491508482408
S36694,79,4,2025-12-11,26,16,0.0,test,4,0.0029890840821249
S36897,79,14,2025-12-11,37,28,0.0,test,4,0.0027495466123529
S36899,79,12,2025-12-11,62,24,0.0,test,4,0.0027885953240739
S37143,79,19,2025-12-11,58,15,0.0,test,4,0.0006418579834214
S37145,79,19,2025-12-11,50,22,0.0,test,4,0.000756527464767
S37146,79,17,2025-12-11,39,15,0.0,test,4,0.0004162519784094
S37198,79,19,2025-12-11,41,11,0.0,test,4,0.0008858018973487
S37402,79,12,2025-12-11,23,23,0.0,test,4,0.0028033203050209
S37405,79,10,2025-12-11,61,22,0.0,test,4,0.0024745112079753
S37686,79,16,2025-12-11,15,19,0.0,test,4,0.0006193841156924
S37694,79,19,2025-12-11,36,12,0.0,test,4,0.0007521092819026
S37807,79,22,2025-12-11,54,30,0.0,test,4,0.000841438641263
S37854,79,17,2025-12-11,50,28,0.0,test,4,0.0004848426035547
S37857,79,21,2025-12-11,46,13,0.0084364549914277,test,4,0.0005380486593791
S37910,79,1,2025-12-11,42,14,0.0,test,4,0.0025831130389412
S38251,79,6,2025-12-11,55,24,0.0080976937051429,test,4,0.0028825003321046
S38258,79,7,2025-12-11,39,29,0.0085239941000926,test,4,0.0027945514879361
S38552,79,7,2025-12-11,47,17,0.0162337397212173,test,4,0.0028723016635655
S38553,79,13,2025-12-11,20,27,0.0095875084052603,test,4,0.0032422073917685
S38554,79,11,2025-12-11,39,28,0.0041283184370535,test,4,0.0016315774126844
S38555,79,10,2025-12-11,24,15,0.0027029746317401,test,4,0.0025126865575782
S38616,79,23,2025-12-11,36,26,0.0,test,4,0.0004763179681041
S38620,79,20,2025-12-11,49,26,0.0,test,4,0.0005004113503382
S38624,79,18,2025-12-11,59,21,0.0,test,4,0.0007913204351442
S38626,79,20,2025-12-11,58,23,0.0,test,4,0.0005176940505089
S38665,79,14,2025-12-11,32,18,0.0,test,4,0.0028336750780164
S38698,79,14,2025-12-11,45,28,0.0,test,4,0.0027280536042957
S38815,79,5,2025-12-11,22,27,0.0,test,4,0.0031477159391514
S38905,79,15,2025-12-11,31,24,0.0,test,4,0.0027042774695853
S38906,79,15,2025-12-11,38,20,0.0,test,4,0.0026358105206193
S38915,79,5,2025-12-11,36,25,0.0,test,4,0.0030371599597237
S39043,79,19,2025-12-11,27,26,0.0117479509044385,test,4,0.0006116386623454
S39212,79,9,2025-12-11,16,17,0.0,test,4,0.0021826177287158
S39323,79,23,2025-12-11,28,23,0.0,test,4,0.0004310590743723
S39343,79,13,2025-12-11,35,25,0.0,test,4,0.0030719180838346
S39578,79,14,2025-12-11,47,31,0.0,test,4,0.0024012474181423
S39580,79,6,2025-12-11,22,26,0.0,test,4,0.0029148013041069
S39602,79,17,2025-12-11,51,26,0.0,test,4,0.0004221844668448
S39609,79,23,2025-12-11,39,17,0.0,test,4,0.0004790374172618
S39922,79,7,2025-12-11,50,12,0.0,test,4,0.0015871638423707
S40602,79,13,2025-12-11,20,28,0.0,test,4,0.0031534128952754
S40605,79,13,2025-12-11,34,23,0.00855064796535,test,4,0.0029892285527945
S40616,79,9,2025-12-11,42,18,0.0,test,4,0.0023789174400081
S40618,79,13,2025-12-11,49,30,0.0,test,4,0.0025922492383695
S40619,79,9,2025-12-11,39,29,0.0,test,4,0.0025904020401433
S40937,79,3,2025-12-11,26,29,0.006459746809119,test,4,0.0031400100136118
S41215,79,16,2025-12-11,51,25,0.0,test,4,0.0005646494250494
S41221,79,21,2025-12-11,30,17,0.0,test,4,0.000567889726908
S41222,79,22,2025-12-11,50,20,0.0,test,4,0.0005139413344568
S41312,79,4,2025-12-11,19,15,0.0081570352377357,test,4,0.0019783747669161
S41386,79,11,2025-12-11,30,30,0.0,test,4,0.0018456840678392
S41518,79,7,2025-12-11,48,22,0.0,test,4,0.0029059229918666
S41519,79,1,2025-12-11,24,16,0.007074254765692,test,4,0.0029106749387795
S41522,79,6,2025-12-11,23,26,0.0036324833176193,test,4,0.0028958160251939
S41524,79,5,2025-12-11,51,14,0.0035641803460912,test,4,0.0024967933739723
S41531,79,11,2025-12-11,44,19,0.0053973632197389,test,4,0.001814317147484
S42196,79,10,2025-12-11,42,13,0.0,test,4,0.0020273766963708
S42202,79,12,2025-12-11,32,17,0.0,test,4,0.0027673862760395
S42296,79,23,2025-12-11,24,30,0.0111276449900624,test,4,0.0006908856403862
S42515,79,14,2025-12-11,21,17,0.0074750330886776,test,4,0.00282537675227
S42518,79,10,2025-12-11,57,25,0.0,test,4,0.0024111363917533
S42543,79,5,2025-12-11,21,18,0.0,test,4,0.003041049434411
S42548,79,5,2025-12-11,29,16,0.0050234748902062,test,4,0.002467033118655
S42645,79,9,2025-12-11,50,19,0.0,test,4,0.0024056110671478
S42779,79,16,2025-12-11,40,30,0.0,test,4,0.0005950725017742
S42784,79,22,2025-12-11,27,14,0.0,test,4,0.0005522625529899
S42786,79,16,2025-12-11,15,20,0.0,test,4,0.000687572763461
S42956,79,9,2025-12-11,57,23,0.0,test,4,0.002702988623954
S43053,79,4,2025-12-11,56,25,0.0130374334356391,test,4,0.0029299407054054
S43209,79,11,2025-12-11,53,25,0.0181327649442172,test,4,0.0020010016050308
S43210,79,11,2025-12-11,43,29,0.0199542297346127,test,4,0.0019131623904956
